PMX Bone Weight
0.6861154,0.1954497,-1.376353,0.8328668,0.3302168,-0.4441732,左足先EX,,,,1,0,0,0,False,0,0,0,0,0,0,0,0,0
0.6822679,0.2084301,-1.354674,0.8392288,0.3458865,-0.4195921,左足先EX,,,,1,0,0,0,False,0,0,0,0,0,0,0,0,0
0.6007377,0.2239173,-1.409126,0.7088306,0.3710464,-0.5999031,左足先EX,,,,1,0,0,0,False,0,0,0,0,0,0,0,0,0
0.6026255,0.209558,-1.429673,0.6946129,0.3481615,-0.6295208,左足先EX,,,,1,0,0,0,False,0,0,0,0,0,0,0,0,0
0.08599335,-0.1880099,0.1708716,-1.369284E-06,-1,1.402224E-08,左足首D,,,,1,0,0,0,False,0,0,0,0,0,0,0,0,0
0.09065741,-0.1880099,0.3226967,-1.369284E-06,-1,-3.100591E-08,左足首D,,,,1,0,0,0,False,0,0,0,0,0,0,0,0,0
0.4452051,-0.1880104,0.3839408,-1.369284E-06,-1,-3.049569E-08,左足首D,,,,1,0,0,0,False,0,0,0,0,0,0,0,0,0
0.4989953,-0.1880105,0.2322684,-1.369284E-06,-1,1.461693E-08,左足首D,,,,1,0,0,0,False,0,0,0,0,0,0,0,0,0
0.118347,0.2752198,-0.1607089,-0.989196,0.1401958,-0.04285386,左足首D,,,,1,0,0,0,False,0,0,0,0,0,0,0,0,0
0.1390293,0.2821106,-0.1676876,-0.9886583,0.1423806,-0.04777568,左足首D,,,,1,0,0,0,False,0,0,0,0,0,0,0,0,0
0.09041284,0.3180916,0.01499542,-0.9947274,0.1017239,0.01302122,左足首D,,,,1,0,0,0,False,0,0,0,0,0,0,0,0,0
0.07091543,0.3105325,0.00810014,-0.9946862,0.1023332,0.01129139,左足首D,,,,1,0,0,0,False,0,0,0,0,0,0,0,0,0
0.0721335,0.3300386,0.1776727,-0.9895791,0.07899716,0.1203856,左足首D,,,,1,0,0,0,False,0,0,0,0,0,0,0,0,0
0.04765796,0.3216047,0.1765722,-0.9901516,0.07858264,0.1158655,左足首D,,,,1,0,0,0,False,0,0,0,0,0,0,0,0,0
0.1207315,0.2420836,-0.1364803,-0.07516041,-0.9047933,0.4191661,左足首D,,,,1,0,0,0,False,0,0,0,0,0,0,0,0,0
0.08053438,0.2853715,0.01092969,-0.05281132,-0.9566361,0.2864582,左足首D,,,,1,0,0,0,False,0,0,0,0,0,0,0,0,0
0.579258,0.2853708,0.0926124,-0.05281132,-0.9566361,0.2864582,左足首D,左ひざD,,,0.9966385,0.003361464,0,0,False,0,0,0,0,0,0,0,0,0
0.1325434,0.2118155,-0.3466221,-0.9810325,0.1833275,-0.06297855,左足首D,,,,1,0,0,0,False,0,0,0,0,0,0,0,0,0
0.1523488,0.2215625,-0.3521852,-0.9786252,0.1908682,-0.07656485,左足首D,,,,1,0,0,0,False,0,0,0,0,0,0,0,0,0
0.5395604,-0.04392445,0.112723,0.1627285,0.1645402,-0.9728546,左足首D,,,,1,0,0,0,False,0,0,0,0,0,0,0,0,0
0.5527747,0.1015106,0.1197634,0.1620329,-0.08541875,-0.9830815,左足首D,,,,1,0,0,0,False,0,0,0,0,0,0,0,0,0
0.08689441,0.1006924,0.04358724,0.1621238,-0.08186366,-0.9833688,左足首D,,,,1,0,0,0,False,0,0,0,0,0,0,0,0,0
0.09487727,-0.04519578,0.03729483,0.162612,0.1700639,-0.9719238,左足首D,,,,1,0,0,0,False,0,0,0,0,0,0,0,0,0
0.07132638,0.1045014,0.3196696,-0.9411459,0.02768126,0.3368651,左足首D,,,,1,0,0,0,False,0,0,0,0,0,0,0,0,0
0.07122953,0.1047908,0.170292,-0.9900773,0.0380011,0.1352884,左足首D,,,,1,0,0,0,False,0,0,0,0,0,0,0,0,0
0.08270843,-0.04441319,0.3138832,-0.9421334,0.005754157,0.3351892,左足首D,,,,1,0,0,0,False,0,0,0,0,0,0,0,0,0
0.08084631,-0.04438207,0.1704851,-0.988954,0.01585879,0.147372,左足首D,,,,1,0,0,0,False,0,0,0,0,0,0,0,0,0
0.1329194,0.1040573,0.4415562,-0.7553242,0.02952553,0.6546859,左足首D,,,,1,0,0,0,False,0,0,0,0,0,0,0,0,0
0.1438317,-0.04451624,0.4364018,-0.7591352,0.008807999,0.6508734,左足首D,,,,1,0,0,0,False,0,0,0,0,0,0,0,0,0
0.246454,0.1040535,0.5067525,-0.2707293,0.03673823,0.9619542,左足首D,,,,1,0,0,0,False,0,0,0,0,0,0,0,0,0
0.2483394,-0.04432799,0.4929387,-0.2772014,0.02171118,0.9605665,左足首D,,,,1,0,0,0,False,0,0,0,0,0,0,0,0,0
0.469015,0.1046065,0.3857674,0.7934372,0.01513004,0.608464,左足首D,,,,1,0,0,0,False,0,0,0,0,0,0,0,0,0
0.523863,0.1051394,0.2351028,0.9352589,0.02228113,0.3532627,左足首D,,,,1,0,0,0,False,0,0,0,0,0,0,0,0,0
0.5098975,-0.04361998,0.234657,0.9321572,0.009616015,0.3619262,左足首D,,,,1,0,0,0,False,0,0,0,0,0,0,0,0,0
0.4564763,-0.04411326,0.3791748,0.7914742,0.001879727,0.6111999,左足首D,,,,1,0,0,0,False,0,0,0,0,0,0,0,0,0
0.367624,0.1040633,0.4806949,0.2718438,0.02991558,0.9618763,左足首D,,,,1,0,0,0,False,0,0,0,0,0,0,0,0,0
0.3588963,-0.04438596,0.4724074,0.1063089,0.02033583,0.9941252,左足首D,,,,1,0,0,0,False,0,0,0,0,0,0,0,0,0
0.246454,0.1040535,0.5067525,-0.2707293,0.03673823,0.9619542,左足首D,,,,1,0,0,0,False,0,0,0,0,0,0,0,0,0
0.2483394,-0.04432799,0.4929387,-0.2772014,0.02171118,0.9605665,左足首D,,,,1,0,0,0,False,0,0,0,0,0,0,0,0,0
0.05748203,0.3301193,0.3457985,-0.9282448,0.07105848,0.3651196,左足首D,左ひざD,,,0.9856992,0.01430082,0,0,False,0,0,0,0,0,0,0,0,0
0.150776,-0.18801,0.4576361,-1.369284E-06,-1,3.92602E-08,左足首D,,,,1,0,0,0,False,0,0,0,0,0,0,0,0,0
0.3473359,-0.1880102,0.489104,-1.369284E-06,-1,3.92602E-08,左足首D,,,,1,0,0,0,False,0,0,0,0,0,0,0,0,0
0.4826078,0.3301187,0.4157795,0.765658,0.03993469,0.6420071,左足首D,左ひざD,,,0.9872428,0.01275724,0,0,False,0,0,0,0,0,0,0,0,0
0.5539851,0.321604,0.2495574,0.9384035,0.04253761,0.3429131,左足首D,左ひざD,,,0.9840042,0.0159958,0,0,False,0,0,0,0,0,0,0,0,0
0.3753066,0.3343392,0.5227203,0.1202656,0.05734437,0.9910842,左足首D,左ひざD,,,0.9892669,0.01073313,0,0,False,0,0,0,0,0,0,0,0,0
0.1109146,0.1310771,-0.5631747,-0.9682273,0.2329272,-0.09099954,左足首D,左足先EX,,,0.9256268,0.07437317,0,0,False,0,0,0,0,0,0,0,0,0
0.2264825,-0.1121832,-1.393069,0.03490715,-0.9764944,-0.2126973,左足先EX,,,,1,0,0,0,False,0,0,0,0,0,0,0,0,0
0.1458471,-0.1437184,-1.256401,0.02786363,-0.9879207,-0.1524345,左足先EX,左足首D,,,0.8618475,0.1381525,0,0,False,0,0,0,0,0,0,0,0,0
0.8060366,-0.1536344,-1.087377,0.0158644,-0.9915147,-0.1290233,左足先EX,左足首D,,,0.9401354,0.05986458,0,0,False,0,0,0,0,0,0,0,0,0
0.740029,0.1722619,-1.284599,0.893604,0.3284451,-0.3059343,左足先EX,左足首D,,,0.9668934,0.03310657,0,0,False,0,0,0,0,0,0,0,0,0
0.1233217,0.3343396,0.4801765,-0.7132147,0.07016748,0.6974248,左足首D,左ひざD,,,0.9897065,0.01029354,0,0,False,0,0,0,0,0,0,0,0,0
0.3819138,0.2267978,-1.448325,-0.5479812,0.3685191,-0.7509396,左足先EX,,,,1,0,0,0,False,0,0,0,0,0,0,0,0,0
0.3836003,0.2124765,-1.466713,-0.5304058,0.3460779,-0.7738861,左足先EX,,,,1,0,0,0,False,0,0,0,0,0,0,0,0,0
0.2876158,0.2020513,-1.433337,-0.7171842,0.3305773,-0.6134863,左足先EX,,,,1,0,0,0,False,0,0,0,0,0,0,0,0,0
0.293219,0.2164106,-1.416503,-0.7223039,0.3465394,-0.5984877,左足先EX,,,,1,0,0,0,False,0,0,0,0,0,0,0,0,0
0.2313975,0.193161,-1.351279,-0.7907083,0.3401668,-0.5089862,左足先EX,左足首D,,,0.9839006,0.01609939,0,0,False,0,0,0,0,0,0,0,0,0
0.2213427,0.1788017,-1.366187,-0.7897543,0.3246841,-0.5204504,左足先EX,左足首D,,,0.9839006,0.01609939,0,0,False,0,0,0,0,0,0,0,0,0
0.2459853,-0.1880101,0.5110396,-1.369284E-06,-1,3.92602E-08,左足首D,,,,1,0,0,0,False,0,0,0,0,0,0,0,0,0
0.6870906,-0.09460884,-1.405498,0.02170152,-0.9714492,-0.2362535,左足先EX,,,,1,0,0,0,False,0,0,0,0,0,0,0,0,0
0.6062968,-0.08142686,-1.461108,0.02593496,-0.9673459,-0.2521295,左足先EX,,,,1,0,0,0,False,0,0,0,0,0,0,0,0,0
0.3872694,-0.07850534,-1.498123,0.02593496,-0.9673459,-0.2521295,左足先EX,,,,1,0,0,0,False,0,0,0,0,0,0,0,0,0
0.2907083,-0.08893351,-1.46477,0.03493934,-0.9619826,-0.2708666,左足先EX,,,,1,0,0,0,False,0,0,0,0,0,0,0,0,0
0.08482158,0.3037224,-0.5950957,-0.9475903,0.2781063,-0.157257,左足首D,左足先EX,,,0.9352536,0.06474643,0,0,False,0,0,0,0,0,0,0,0,0
0.1009995,0.376374,-0.3478449,-0.9707373,0.2036715,-0.127228,左足首D,左ひざD,,,0.9957016,0.004298449,0,0,False,0,0,0,0,0,0,0,0,0
0.07802668,0.4987511,0.3294676,-0.9319823,0.08362186,0.352727,左足首D,左ひざD,,,0.9313724,0.0686276,0,0,False,0,0,0,0,0,0,0,0,0
0.07671157,0.3385532,0.3370833,-0.9281359,0.07181386,0.3652489,左足首D,左ひざD,,,0.9830207,0.01697934,0,0,False,0,0,0,0,0,0,0,0,0
0.0617934,0.4718026,0.0645168,-0.9946504,0.1027709,0.01043216,左足首D,左ひざD,,,0.9719331,0.02806687,0,0,False,0,0,0,0,0,0,0,0,0
0.05618918,0.4812905,0.1876606,-0.9896462,0.08794806,0.1134265,左足首D,左ひざD,,,0.9370247,0.06297529,0,0,False,0,0,0,0,0,0,0,0,0
0.0791148,0.4406778,-0.1405442,-0.9858692,0.1443231,-0.08504636,左足首D,左ひざD,,,0.9820062,0.01799381,0,0,False,0,0,0,0,0,0,0,0,0
0.2386873,0.3395865,0.5573052,-0.2657525,0.06477208,0.961863,左足首D,左ひざD,,,0.9883923,0.01160771,0,0,False,0,0,0,0,0,0,0,0,0
0.6437511,1.52821,0.05442337,0.996793,-0.06819389,0.04187186,左ひざD,,,,1,0,0,0,False,0,0,0,0,0,0,0,0,0
0.5928239,1.543516,0.2243484,0.9659837,-0.07327995,0.2480029,左ひざD,,,,1,0,0,0,False,0,0,0,0,0,0,0,0,0
0.4768909,1.556477,0.33553,0.7613952,-0.05466629,0.6459792,左ひざD,,,,1,0,0,0,False,0,0,0,0,0,0,0,0,0
0.3226655,1.567296,0.3644029,-0.2580654,0.01405277,0.9660252,左ひざD,,,,1,0,0,0,False,0,0,0,0,0,0,0,0,0
0.1961214,1.56791,0.2905983,-0.9173946,0.01998461,0.3974768,左ひざD,,,,1,0,0,0,False,0,0,0,0,0,0,0,0,0
0.1320258,1.558187,0.1436643,-0.9997097,0.01800565,0.01601341,左ひざD,,,,1,0,0,0,False,0,0,0,0,0,0,0,0,0
0.1250364,1.548082,-0.009623013,-0.9870488,0.02412561,-0.1585964,左ひざD,,,,1,0,0,0,False,0,0,0,0,0,0,0,0,0
0.1700796,1.533337,-0.1718895,-0.9351285,0.04339954,-0.3516408,左ひざD,,,,1,0,0,0,False,0,0,0,0,0,0,0,0,0
0.2632551,1.522035,-0.2840193,-0.6989349,0.08835935,-0.7097061,左ひざD,,,,1,0,0,0,False,0,0,0,0,0,0,0,0,0
0.5451327,1.514893,-0.2520542,0.7943742,0.02280129,-0.6070008,左ひざD,,,,1,0,0,0,False,0,0,0,0,0,0,0,0,0
0.409764,1.51624,-0.3122836,-0.05657991,0.1123515,-0.9920564,左ひざD,,,,1,0,0,0,False,0,0,0,0,0,0,0,0,0
0.625623,1.518522,-0.122145,0.9843435,-0.04442391,-0.1705706,左ひざD,,,,1,0,0,0,False,0,0,0,0,0,0,0,0,0
0.5823862,1.279773,-0.1926316,0.952644,0.01533861,-0.3037008,左ひざD,左足首D,,,0.964042,0.03595798,0,0,False,0,0,0,0,0,0,0,0,0
0.1978451,1.297212,-0.2509881,-0.8703331,0.09164317,-0.4838614,左ひざD,左足首D,,,0.9651164,0.0348836,0,0,False,0,0,0,0,0,0,0,0,0
0.1034837,1.261522,-0.01055458,-0.9897587,0.04220982,-0.1363683,左ひざD,左足首D,,,0.9613673,0.03863266,0,0,False,0,0,0,0,0,0,0,0,0
0.1167901,1.265829,0.1543771,-0.9989935,0.03106428,0.0323584,左ひざD,左足首D,,,0.9641486,0.03585137,0,0,False,0,0,0,0,0,0,0,0,0
0.1817731,1.27119,0.2972392,-0.9195687,0.0298289,0.3917957,左ひざD,左足首D,,,0.9659398,0.03406026,0,0,False,0,0,0,0,0,0,0,0,0
0.3226655,1.567296,0.3644029,-0.2580654,0.01405277,0.9660252,左ひざD,,,,1,0,0,0,False,0,0,0,0,0,0,0,0,0
0.4500392,1.261703,0.3391678,0.7588327,-0.03908014,0.650112,左ひざD,左足首D,,,0.9658809,0.03411906,0,0,False,0,0,0,0,0,0,0,0,0
0.3015201,1.270641,0.371235,-0.4601773,0.02722636,0.8874096,左ひざD,左足首D,,,0.9663801,0.03361985,0,0,False,0,0,0,0,0,0,0,0,0
0.5617779,1.251565,0.2179811,0.9675249,-0.05418564,0.2468996,左ひざD,左足首D,,,0.9653025,0.03469755,0,0,False,0,0,0,0,0,0,0,0,0
0.6170001,1.245606,0.06016545,0.9967529,-0.04490642,0.06683675,左ひざD,左足首D,,,0.9616869,0.03831307,0,0,False,0,0,0,0,0,0,0,0,0
0.6959991,-0.01757853,-0.3404889,-0.1369205,-0.5884746,0.7968377,左足首D,,,,1,0,0,0,False,0,0,0,0,0,0,0,0,0
0.1313588,-0.01757776,-0.4369338,-0.137208,-0.5852866,0.7991331,左足首D,左足先EX,,,0.946956,0.05304403,0,0,False,0,0,0,0,0,0,0,0,0
0.1339374,0.1364651,-0.3020202,-0.1155696,-0.7444226,0.6576312,左足首D,,,,1,0,0,0,False,0,0,0,0,0,0,0,0,0
0.6154332,0.234788,-0.05938169,-0.07667663,-0.9004297,0.4281905,左足首D,,,,1,0,0,0,False,0,0,0,0,0,0,0,0,0
0.6558176,0.1403183,-0.2047708,-0.1150366,-0.747254,0.654506,左足首D,,,,1,0,0,0,False,0,0,0,0,0,0,0,0,0
0.6849079,0.204177,-0.2688794,0.9789811,0.1537268,0.1340298,左足首D,,,,1,0,0,0,False,0,0,0,0,0,0,0,0,0
0.6664263,0.2128102,-0.2769835,0.979105,0.1570576,0.1291756,左足首D,,,,1,0,0,0,False,0,0,0,0,0,0,0,0,0
0.7332613,0.1455177,-0.4706766,0.9718907,0.2120267,0.1023396,左足首D,左足先EX,,,0.9299963,0.07000367,0,0,False,0,0,0,0,0,0,0,0,0
0.6311091,0.2698058,-0.07892771,0.9819411,0.1040964,0.1579736,左足首D,左ひざD,,,0.9971489,0.002851129,0,0,False,0,0,0,0,0,0,0,0,0
0.6131531,0.2758169,-0.0876319,0.9824932,0.1050964,0.1538239,左足首D,左ひざD,,,0.9969484,0.003051639,0,0,False,0,0,0,0,0,0,0,0,0
0.7424798,-0.118723,-1.300234,0.01859298,-0.9838023,-0.1782899,左足先EX,,,,1,0,0,0,False,0,0,0,0,0,0,0,0,0
0.7257024,0.1866212,-1.271438,0.8924252,0.3392935,-0.2974176,左足先EX,左足首D,,,0.9668934,0.03310657,0,0,False,0,0,0,0,0,0,0,0,0
0.7165471,0.3381625,-1.245097,0.8449388,0.466858,-0.2610022,左足先EX,左足首D,,,0.865155,0.134845,0,0,False,0,0,0,0,0,0,0,0,0
0.5950103,0.3698964,-1.370128,0.6317353,0.6195352,-0.4659256,左足先EX,左足首D,,,0.9215162,0.07848376,0,0,False,0,0,0,0,0,0,0,0,0
0.3868362,0.3681266,-1.407892,-0.4152944,0.6627679,-0.6231126,左足先EX,左足首D,,,0.9324619,0.06753814,0,0,False,0,0,0,0,0,0,0,0,0
0.5347726,-0.1880105,0.06573439,-1.369284E-06,-1,6.046216E-08,左足首D,,,,1,0,0,0,False,0,0,0,0,0,0,0,0,0
0.1040307,-0.1880099,-0.006581951,-1.369284E-06,-1,6.046216E-08,左足首D,,,,1,0,0,0,False,0,0,0,0,0,0,0,0,0
0.2838893,0.05596024,-1.456311,-0.6961319,0.267269,-0.6663089,左足先EX,,,,1,0,0,0,False,0,0,0,0,0,0,0,0,0
0.3854424,0.06638631,-1.491962,-0.4120634,0.2491514,-0.8764287,左足先EX,,,,1,0,0,0,False,0,0,0,0,0,0,0,0,0
0.6044688,0.06346344,-1.454935,0.6678624,0.2528429,-0.7000216,左足先EX,,,,1,0,0,0,False,0,0,0,0,0,0,0,0,0
0.692191,0.04923819,-1.395097,0.8236651,0.2705321,-0.4983858,左足先EX,,,,1,0,0,0,False,0,0,0,0,0,0,0,0,0
0.7458941,0.02788768,-1.297141,0.8931627,0.2903855,-0.3434191,左足先EX,,,,1,0,0,0,False,0,0,0,0,0,0,0,0,0
0.8065496,0.1283992,-1.073889,0.9265217,0.3310834,-0.1787215,左足先EX,左足首D,,,0.8543934,0.1456066,0,0,False,0,0,0,0,0,0,0,0,0
0.8060366,-0.1536344,-1.087377,0.9337664,0.2993572,-0.1961266,左足先EX,左足首D,,,0.9401354,0.05986458,0,0,False,0,0,0,0,0,0,0,0,0
0.6959991,-0.01757853,-0.3404889,0.9716262,0.1421195,0.1890623,左足首D,,,,1,0,0,0,False,0,0,0,0,0,0,0,0,0
0.7503766,0.1310763,-0.4627276,0.9719421,0.207664,0.1104733,左足首D,左足先EX,,,0.9299588,0.07004122,0,0,False,0,0,0,0,0,0,0,0,0
0.6558176,0.1403183,-0.2047708,0.978007,0.1181716,0.1718659,左足首D,,,,1,0,0,0,False,0,0,0,0,0,0,0,0,0
0.6154332,0.234788,-0.05938169,0.9796156,0.0956155,0.176667,左足首D,,,,1,0,0,0,False,0,0,0,0,0,0,0,0,0
0.579258,0.2853708,0.0926124,0.9721989,0.06448281,0.2251029,左足首D,左ひざD,,,0.9966385,0.003361464,0,0,False,0,0,0,0,0,0,0,0,0
0.58498,0.3114526,0.09209199,0.9735764,0.06350298,0.2193547,左足首D,左ひざD,,,0.9896738,0.01032621,0,0,False,0,0,0,0,0,0,0,0,0
0.08053438,0.2853715,0.01092969,-0.9947536,0.1008233,0.01731963,左足首D,,,,1,0,0,0,False,0,0,0,0,0,0,0,0,0
0.1207315,0.2420836,-0.1364803,-0.9913708,0.1293185,-0.02146771,左足首D,,,,1,0,0,0,False,0,0,0,0,0,0,0,0,0
0.1339374,0.1364651,-0.3020202,-0.9874043,0.1550051,-0.03172014,左足首D,,,,1,0,0,0,False,0,0,0,0,0,0,0,0,0
0.1313588,-0.01757776,-0.4369338,-0.9873193,0.1585137,-0.008605527,左足首D,左足先EX,,,0.946956,0.05304403,0,0,False,0,0,0,0,0,0,0,0,0
0.5527747,0.1015106,0.1197634,0.9639745,0.03832853,0.2632186,左足首D,,,,1,0,0,0,False,0,0,0,0,0,0,0,0,0
0.5395604,-0.04392445,0.112723,0.9606564,0.02471284,0.2766379,左足首D,,,,1,0,0,0,False,0,0,0,0,0,0,0,0,0
0.08689441,0.1006924,0.04358724,-0.9963703,0.05719112,0.06305052,左足首D,,,,1,0,0,0,False,0,0,0,0,0,0,0,0,0
0.09487727,-0.04519578,0.03729483,-0.9965067,0.03399958,0.07627862,左足首D,,,,1,0,0,0,False,0,0,0,0,0,0,0,0,0
0.3294953,1.313539,-0.3196518,-0.6184948,0.1359361,-0.7739416,左ひざD,左足首D,,,0.967185,0.03281502,0,0,False,0,0,0,0,0,0,0,0,0
0.4005694,1.315269,-0.3220619,-0.08432131,0.1715167,-0.9815661,左ひざD,左足首D,,,0.9679496,0.03205042,0,0,False,0,0,0,0,0,0,0,0,0
0.07029581,1.887739,-0.2397084,-0.9054167,0.02195228,-0.423956,左ひざD,,,,1,0,0,0,False,0,0,0,0,0,0,0,0,0
0.2361376,1.990696,-0.3757435,-0.6013425,0.03148123,-0.7983709,左ひざD,,,,1,0,0,0,False,0,0,0,0,0,0,0,0,0
0.6377749,1.978194,-0.3532185,0.6912336,-0.03022023,-0.7219992,左ひざD,,,,1,0,0,0,False,0,0,0,0,0,0,0,0,0
0.785531,1.860827,-0.1676852,0.9665173,-0.070796,-0.2466418,左ひざD,,,,1,0,0,0,False,0,0,0,0,0,0,0,0,0
0.6489357,1.778872,-0.3612961,0.7267011,-0.01108744,-0.6868644,左ひざD,,,,1,0,0,0,False,0,0,0,0,0,0,0,0,0
0.4685614,1.979676,-0.4303984,0.1687541,0.01726158,-0.9855071,左ひざD,,,,1,0,0,0,False,0,0,0,0,0,0,0,0,0
0.476161,1.706165,-0.4367113,0.2401655,0.0572294,-0.9690435,左ひざD,,,,1,0,0,0,False,0,0,0,0,0,0,0,0,0
0.2047516,1.796524,-0.386492,-0.6435261,0.0498314,-0.7638004,左ひざD,,,,1,0,0,0,False,0,0,0,0,0,0,0,0,0
0.3776473,1.702149,-0.4447362,-0.1284173,0.07682446,-0.9887402,左ひざD,,,,1,0,0,0,False,0,0,0,0,0,0,0,0,0
0.4055593,1.982907,-0.433663,-0.07501947,0.02825426,-0.9967817,左ひざD,,,,1,0,0,0,False,0,0,0,0,0,0,0,0,0
0.08877924,1.870173,-0.2280768,-0.9080633,0.02217148,-0.4182458,左ひざD,,,,1,0,0,0,False,0,0,0,0,0,0,0,0,0
0.2168557,1.782236,-0.3682482,-0.6478885,0.05193331,-0.7599628,左ひざD,,,,1,0,0,0,False,0,0,0,0,0,0,0,0,0
0.3910114,1.687318,-0.4216521,-0.09337553,0.0791558,-0.9924795,左ひざD,,,,1,0,0,0,False,0,0,0,0,0,0,0,0,0
0.765985,1.847578,-0.1586762,0.9685504,-0.07085808,-0.2385148,左ひざD,,,,1,0,0,0,False,0,0,0,0,0,0,0,0,0
0.6361369,1.766251,-0.3437101,0.7362918,-0.0101633,-0.6765878,左ひざD,,,,1,0,0,0,False,0,0,0,0,0,0,0,0,0
0.456114,1.979566,-0.4146799,0.1479865,0.01870891,-0.9888124,左ひざD,,,,1,0,0,0,False,0,0,0,0,0,0,0,0,0
0.4168311,1.981498,-0.4168127,-0.04793923,0.02741445,-0.998474,左ひざD,,,,1,0,0,0,False,0,0,0,0,0,0,0,0,0
0.3910114,1.687318,-0.4216521,-0.09337553,0.0791558,-0.9924795,左ひざD,,,,1,0,0,0,False,0,0,0,0,0,0,0,0,0
0.4613728,1.691837,-0.4155914,0.2202914,0.06166361,-0.9734831,左ひざD,,,,1,0,0,0,False,0,0,0,0,0,0,0,0,0
0.4613728,1.691837,-0.4155914,0.2202914,0.06166361,-0.9734831,左ひざD,,,,1,0,0,0,False,0,0,0,0,0,0,0,0,0
0.08877924,1.870173,-0.2280768,0.7734926,-0.2692541,0.5737696,左ひざD,,,,1,0,0,0,False,0,0,0,0,0,0,0,0,0
0.2168557,1.782236,-0.3682482,0.5665837,-0.1989958,0.7996148,左ひざD,,,,1,0,0,0,False,0,0,0,0,0,0,0,0,0
0.765985,1.847578,-0.1586762,-0.8799142,-0.1246825,0.4584815,左ひざD,,,,1,0,0,0,False,0,0,0,0,0,0,0,0,0
0.6361369,1.766251,-0.3437101,-0.6940514,-0.09150925,0.7140859,左ひざD,,,,1,0,0,0,False,0,0,0,0,0,0,0,0,0
0.4613728,1.691837,-0.4155914,-0.3767888,-0.009821096,0.9262471,左ひざD,,,,1,0,0,0,False,0,0,0,0,0,0,0,0,0
0.456114,1.979566,-0.4146799,-0.3680588,-0.001271982,0.9298016,左ひざD,,,,1,0,0,0,False,0,0,0,0,0,0,0,0,0
0.4168311,1.981498,-0.4168127,0.2718956,-0.03851754,0.9615557,左ひざD,,,,1,0,0,0,False,0,0,0,0,0,0,0,0,0
0.3910114,1.687318,-0.4216521,0.2730584,-0.0397778,0.9611747,左ひざD,,,,1,0,0,0,False,0,0,0,0,0,0,0,0,0
0.4989953,-0.1880105,0.2322684,0.9286287,0.004485304,0.3709836,左足首D,,,,1,0,0,0,False,0,0,0,0,0,0,0,0,0
0.5347726,-0.1880105,0.06573439,0.960493,0.02415677,0.277254,左足首D,,,,1,0,0,0,False,0,0,0,0,0,0,0,0,0
0.5347726,-0.1880105,0.06573439,0.15831,0.3003141,-0.9406112,左足首D,,,,1,0,0,0,False,0,0,0,0,0,0,0,0,0
0.1040307,-0.1880099,-0.006581951,0.15831,0.3003141,-0.9406112,左足首D,,,,1,0,0,0,False,0,0,0,0,0,0,0,0,0
0.08599335,-0.1880099,0.1708716,-0.9876218,0.007023134,0.1566969,左足首D,,,,1,0,0,0,False,0,0,0,0,0,0,0,0,0
0.1040307,-0.1880099,-0.006581951,-0.996267,0.02980678,0.08101562,左足首D,,,,1,0,0,0,False,0,0,0,0,0,0,0,0,0
0.09065741,-0.1880099,0.3226967,-0.9340893,-0.002834864,0.3570282,左足首D,,,,1,0,0,0,False,0,0,0,0,0,0,0,0,0
0.150776,-0.18801,0.4576361,-0.7280931,0.00148057,0.6854766,左足首D,,,,1,0,0,0,False,0,0,0,0,0,0,0,0,0
0.2459853,-0.1880101,0.5110396,-0.2744491,0.01511195,0.9614829,左足首D,,,,1,0,0,0,False,0,0,0,0,0,0,0,0,0
0.3473359,-0.1880102,0.489104,0.08015283,0.01517725,0.9966671,左足首D,,,,1,0,0,0,False,0,0,0,0,0,0,0,0,0
0.2459853,-0.1880101,0.5110396,-0.2744491,0.01511195,0.9614829,左足首D,,,,1,0,0,0,False,0,0,0,0,0,0,0,0,0
0.4452051,-0.1880104,0.3839408,0.7843575,-0.003514121,0.6202991,左足首D,,,,1,0,0,0,False,0,0,0,0,0,0,0,0,0
0.08053438,0.2853715,0.01092969,0.1593832,-0.1666155,-0.9730551,左足首D,,,,1,0,0,0,False,0,0,0,0,0,0,0,0,0
0.579258,0.2853708,0.0926124,0.1593832,-0.1666155,-0.9730551,左足首D,左ひざD,,,0.9966385,0.003361464,0,0,False,0,0,0,0,0,0,0,0,0
0.6870906,-0.09460884,-1.405498,0.8062193,0.2453493,-0.5383438,左足先EX,,,,1,0,0,0,False,0,0,0,0,0,0,0,0,0
0.7424798,-0.118723,-1.300234,0.8888602,0.2757953,-0.3658751,左足先EX,,,,1,0,0,0,False,0,0,0,0,0,0,0,0,0
0.6062968,-0.08142686,-1.461108,0.6502842,0.2189935,-0.7274423,左足先EX,,,,1,0,0,0,False,0,0,0,0,0,0,0,0,0
0.3872694,-0.07850534,-1.498123,-0.3842349,0.2109833,-0.8988045,左足先EX,,,,1,0,0,0,False,0,0,0,0,0,0,0,0,0
0.2907083,-0.08893351,-1.46477,-0.6296048,0.2350196,-0.7405158,左足先EX,,,,1,0,0,0,False,0,0,0,0,0,0,0,0,0
0.2200998,0.03693338,-1.38578,-0.7717127,0.281361,-0.5703471,左足先EX,,,,1,0,0,0,False,0,0,0,0,0,0,0,0,0
0.2264825,-0.1121832,-1.393069,-0.7588358,0.2641841,-0.5952941,左足先EX,,,,1,0,0,0,False,0,0,0,0,0,0,0,0,0
-0.07031827,1.88774,-0.2397084,0.9575226,0.01888575,-0.2877393,右ひざD,,,,1,0,0,0,False,0,0,0,0,0,0,0,0,0
-0.2361598,1.990697,-0.3757434,0.7330353,0.02915843,-0.6795654,右ひざD,,,,1,0,0,0,False,0,0,0,0,0,0,0,0,0
-0.6377971,1.978196,-0.3532184,-0.6805852,-0.02783964,-0.7321398,右ひざD,,,,1,0,0,0,False,0,0,0,0,0,0,0,0,0
-0.7855535,1.86083,-0.1676851,-0.9547126,-0.06079253,-0.2912531,右ひざD,,,,1,0,0,0,False,0,0,0,0,0,0,0,0,0
-0.6489583,1.778875,-0.3612961,-0.7164602,-0.009832497,-0.6975587,右ひざD,,,,1,0,0,0,False,0,0,0,0,0,0,0,0,0
-0.4761839,1.706167,-0.4367113,-0.1700091,0.05641152,-0.9838265,右ひざD,,,,1,0,0,0,False,0,0,0,0,0,0,0,0,0
-0.4685836,1.979679,-0.4303983,-0.08526737,0.01718782,-0.9962099,右ひざD,,,,1,0,0,0,False,0,0,0,0,0,0,0,0,0
-0.2047743,1.796525,-0.386492,0.7682575,0.04577107,-0.6385025,右ひざD,,,,1,0,0,0,False,0,0,0,0,0,0,0,0,0
-0.4055813,1.982909,-0.4336629,0.1991714,0.02799657,-0.9795647,右ひざD,,,,1,0,0,0,False,0,0,0,0,0,0,0,0,0
-0.3776702,1.702151,-0.4447362,0.259956,0.07622667,-0.9626071,右ひざD,,,,1,0,0,0,False,0,0,0,0,0,0,0,0,0
-0.08880175,1.870174,-0.2280768,0.9590657,0.01905987,-0.2825419,右ひざD,,,,1,0,0,0,False,0,0,0,0,0,0,0,0,0
-0.2168784,1.782238,-0.3682482,0.7718852,0.04769916,-0.63397,右ひざD,,,,1,0,0,0,False,0,0,0,0,0,0,0,0,0
-0.3910344,1.68732,-0.421652,0.2198681,0.07884385,-0.9723384,右ひざD,,,,1,0,0,0,False,0,0,0,0,0,0,0,0,0
-0.7660074,1.847581,-0.1586761,-0.9567962,-0.06079991,-0.2843316,右ひざD,,,,1,0,0,0,False,0,0,0,0,0,0,0,0,0
-0.6361596,1.766254,-0.3437101,-0.726172,-0.00887934,-0.6874557,右ひざD,,,,1,0,0,0,False,0,0,0,0,0,0,0,0,0
-0.4561362,1.979569,-0.4146798,-0.06075059,0.01863071,-0.9979791,右ひざD,,,,1,0,0,0,False,0,0,0,0,0,0,0,0,0
-0.4168533,1.9815,-0.4168126,0.1679031,0.02720732,-0.985428,右ひざD,,,,1,0,0,0,False,0,0,0,0,0,0,0,0,0
-0.3910344,1.68732,-0.421652,0.2198681,0.07884385,-0.9723384,右ひざD,,,,1,0,0,0,False,0,0,0,0,0,0,0,0,0
-0.4613958,1.691839,-0.4155914,-0.1464017,0.0609339,-0.9873468,右ひざD,,,,1,0,0,0,False,0,0,0,0,0,0,0,0,0
-0.4613958,1.691839,-0.4155914,-0.1464017,0.0609339,-0.9873468,右ひざD,,,,1,0,0,0,False,0,0,0,0,0,0,0,0,0
-0.08880175,1.870174,-0.2280768,-0.7734931,-0.2692523,0.5737697,右ひざD,,,,1,0,0,0,False,0,0,0,0,0,0,0,0,0
-0.2168784,1.782238,-0.3682482,-0.5665841,-0.1989944,0.7996147,右ひざD,,,,1,0,0,0,False,0,0,0,0,0,0,0,0,0
-0.7660074,1.847581,-0.1586761,0.8799139,-0.1246845,0.4584815,右ひざD,,,,1,0,0,0,False,0,0,0,0,0,0,0,0,0
-0.6361596,1.766254,-0.3437101,0.6940511,-0.09151094,0.7140859,右ひざD,,,,1,0,0,0,False,0,0,0,0,0,0,0,0,0
-0.4613958,1.691839,-0.4155914,0.3767888,-0.00982214,0.9262471,右ひざD,,,,1,0,0,0,False,0,0,0,0,0,0,0,0,0
-0.4561362,1.979569,-0.4146798,0.3680593,-0.001273245,0.9298015,右ひざD,,,,1,0,0,0,False,0,0,0,0,0,0,0,0,0
-0.4168533,1.9815,-0.4168126,-0.2718956,-0.03851666,0.9615557,右ひざD,,,,1,0,0,0,False,0,0,0,0,0,0,0,0,0
-0.3910344,1.68732,-0.421652,-0.2730585,-0.03977708,0.9611747,右ひざD,,,,1,0,0,0,False,0,0,0,0,0,0,0,0,0
-0.6861429,0.1954518,-1.376353,-0.8326393,0.2957959,-0.4682057,右足先EX,,,,1,0,0,0,False,0,0,0,0,0,0,0,0,0
-0.602653,0.2095599,-1.429673,-0.6915928,0.3240192,-0.6455317,右足先EX,,,,1,0,0,0,False,0,0,0,0,0,0,0,0,0
-0.6007651,0.2239191,-1.409126,-0.7074326,0.3445486,-0.6171105,右足先EX,,,,1,0,0,0,False,0,0,0,0,0,0,0,0,0
-0.6822954,0.2084322,-1.354674,-0.8399432,0.3093393,-0.4458753,右足先EX,,,,1,0,0,0,False,0,0,0,0,0,0,0,0,0
-0.4452336,-0.1880089,0.3839409,-1.417291E-06,-1,-4.213229E-08,右足首D,,,,1,0,0,0,False,0,0,0,0,0,0,0,0,0
-0.09068599,-0.1880094,0.3226968,-1.417291E-06,-1,-4.271541E-08,右足首D,,,,1,0,0,0,False,0,0,0,0,0,0,0,0,0
-0.08602193,-0.1880094,0.1708717,-1.417291E-06,-1,-5.576523E-09,右足首D,,,,1,0,0,0,False,0,0,0,0,0,0,0,0,0
-0.4990239,-0.1880088,0.2322685,-1.417291E-06,-1,-5.023767E-09,右足首D,,,,1,0,0,0,False,0,0,0,0,0,0,0,0,0
-0.07094263,0.3105329,0.008100211,0.99209,0.0867186,0.09075961,右足首D,,,,1,0,0,0,False,0,0,0,0,0,0,0,0,0
-0.04768512,0.3216051,0.1765723,0.9814763,0.06687313,0.1795334,右足首D,,,,1,0,0,0,False,0,0,0,0,0,0,0,0,0
-0.07216065,0.3300391,0.1776727,0.9807323,0.06724104,0.1834197,右足首D,,,,1,0,0,0,False,0,0,0,0,0,0,0,0,0
-0.1183743,0.2752203,-0.1607088,0.9919133,0.1188383,0.04455985,右足首D,,,,1,0,0,0,False,0,0,0,0,0,0,0,0,0
-0.09044002,0.318092,0.01499549,0.9919989,0.08620293,0.09223432,右足首D,,,,1,0,0,0,False,0,0,0,0,0,0,0,0,0
-0.1390566,0.2821112,-0.1676875,0.9918692,0.1206911,0.04036347,右足首D,,,,1,0,0,0,False,0,0,0,0,0,0,0,0,0
-0.1207588,0.2420842,-0.1364802,0.07515789,-0.9047934,0.4191661,右足首D,,,,1,0,0,0,False,0,0,0,0,0,0,0,0,0
-0.6154606,0.2347899,-0.05938163,0.07667413,-0.9004298,0.4281906,右足首D,,,,1,0,0,0,False,0,0,0,0,0,0,0,0,0
-0.5792852,0.2853726,0.09261248,0.05280866,-0.9566363,0.2864583,右足首D,右ひざD,,,0.9966385,0.003361464,0,0,False,0,0,0,0,0,0,0,0,0
-0.1325708,0.2118161,-0.346622,0.9874359,0.1557083,0.02693204,右足首D,,,,1,0,0,0,False,0,0,0,0,0,0,0,0,0
-0.1523763,0.2215631,-0.3521852,0.9866462,0.1621638,0.01524549,右足首D,,,,1,0,0,0,False,0,0,0,0,0,0,0,0,0
-0.5395886,-0.04392271,0.1127231,-0.162728,0.1645406,-0.9728546,右足首D,,,,1,0,0,0,False,0,0,0,0,0,0,0,0,0
-0.09490546,-0.04519527,0.03729491,-0.1626115,0.1700643,-0.9719238,右足首D,,,,1,0,0,0,False,0,0,0,0,0,0,0,0,0
-0.08692219,0.1006929,0.04358731,-0.162124,-0.0818632,-0.9833688,右足首D,,,,1,0,0,0,False,0,0,0,0,0,0,0,0,0
-0.5528025,0.1015124,0.1197635,-0.1620331,-0.0854183,-0.9830815,右足首D,,,,1,0,0,0,False,0,0,0,0,0,0,0,0,0
-0.07125731,0.1047912,0.1702921,0.9800326,0.03231865,0.196193,右足首D,,,,1,0,0,0,False,0,0,0,0,0,0,0,0,0
-0.0808745,-0.0443816,0.1704852,0.9783559,0.01345685,0.2064914,右足首D,,,,1,0,0,0,False,0,0,0,0,0,0,0,0,0
-0.08273662,-0.04441271,0.3138833,0.929126,0.004921536,0.3697309,右足首D,,,,1,0,0,0,False,0,0,0,0,0,0,0,0,0
-0.07135416,0.1045019,0.3196697,0.9282478,0.02396793,0.3711894,右足首D,,,,1,0,0,0,False,0,0,0,0,0,0,0,0,0
-0.1329471,0.1040579,0.4415563,0.7444595,0.02693806,0.667124,右足首D,,,,1,0,0,0,False,0,0,0,0,0,0,0,0,0
-0.1438599,-0.04451558,0.4364019,0.7483424,0.007974393,0.6632647,右足首D,,,,1,0,0,0,False,0,0,0,0,0,0,0,0,0
-0.2464817,0.1040544,0.5067526,0.2066925,0.03646912,0.977726,右足首D,,,,1,0,0,0,False,0,0,0,0,0,0,0,0,0
-0.2483676,-0.04432704,0.4929388,0.2143399,0.02154334,0.9765216,右足首D,,,,1,0,0,0,False,0,0,0,0,0,0,0,0,0
-0.4690428,0.104608,0.3857675,-0.8835322,0.01322367,0.468184,右足首D,,,,1,0,0,0,False,0,0,0,0,0,0,0,0,0
-0.4565045,-0.04411174,0.3791749,-0.8822682,0.001592876,0.4707443,右足首D,,,,1,0,0,0,False,0,0,0,0,0,0,0,0,0
-0.5099257,-0.04361832,0.2346571,-0.9728175,0.008154986,0.2314295,右足首D,,,,1,0,0,0,False,0,0,0,0,0,0,0,0,0
-0.5238909,0.1051411,0.235103,-0.9744666,0.01896013,0.2237309,右足首D,,,,1,0,0,0,False,0,0,0,0,0,0,0,0,0
-0.5540122,0.3216058,0.2495575,-0.976025,0.03626976,0.2146153,右足首D,右ひざD,,,0.9840042,0.0159958,0,0,False,0,0,0,0,0,0,0,0,0
-0.2464817,0.1040544,0.5067526,0.2066925,0.03646912,0.977726,右足首D,,,,1,0,0,0,False,0,0,0,0,0,0,0,0,0
-0.2483676,-0.04432704,0.4929388,0.2143399,0.02154334,0.9765216,右足首D,,,,1,0,0,0,False,0,0,0,0,0,0,0,0,0
-0.3589245,-0.04438471,0.4724075,-0.2326043,0.0204216,0.972357,右足首D,,,,1,0,0,0,False,0,0,0,0,0,0,0,0,0
-0.3676518,0.1040646,0.480695,-0.4159508,0.02931779,0.9089144,右足首D,,,,1,0,0,0,False,0,0,0,0,0,0,0,0,0
-0.05750917,0.3301197,0.3457986,0.915934,0.06191312,0.3965247,右足首D,右ひざD,,,0.9856992,0.01430082,0,0,False,0,0,0,0,0,0,0,0,0
-0.3473645,-0.188009,0.4891042,-1.417291E-06,-1,4.542793E-08,右足首D,,,,1,0,0,0,False,0,0,0,0,0,0,0,0,0
-0.1508045,-0.1880093,0.4576362,-1.417291E-06,-1,4.506874E-08,右足首D,,,,1,0,0,0,False,0,0,0,0,0,0,0,0,0
-0.3753337,0.3343405,0.5227204,-0.2515165,0.05684556,0.9661822,右足首D,右ひざD,,,0.9892669,0.01073313,0,0,False,0,0,0,0,0,0,0,0,0
-0.482635,0.3301204,0.4157796,-0.8617846,0.03619948,0.5059812,右足首D,右ひざD,,,0.9872428,0.01275724,0,0,False,0,0,0,0,0,0,0,0,0
-0.2265109,-0.1121823,-1.393069,-0.03490983,-0.9764943,-0.2126973,右足先EX,,,,1,0,0,0,False,0,0,0,0,0,0,0,0,0
-0.8060651,-0.153632,-1.087377,-0.01586718,-0.9915146,-0.1290233,右足先EX,右足首D,,,0.9401354,0.05986458,0,0,False,0,0,0,0,0,0,0,0,0
-0.1458756,-0.1437178,-1.256401,-0.02786636,-0.9879206,-0.1524345,右足先EX,右足首D,,,0.8618475,0.1381525,0,0,False,0,0,0,0,0,0,0,0,0
-0.7257299,0.1866234,-1.271438,-0.893689,0.2980936,-0.3353508,右足先EX,右足首D,,,0.9668934,0.03310657,0,0,False,0,0,0,0,0,0,0,0,0
-0.7400566,0.1722641,-1.284599,-0.8939753,0.2885007,-0.3428929,右足先EX,右足首D,,,0.9668934,0.03310657,0,0,False,0,0,0,0,0,0,0,0,0
-0.1233488,0.3343402,0.4801766,0.7017972,0.06487107,0.709417,右足首D,右ひざD,,,0.9897065,0.01029354,0,0,False,0,0,0,0,0,0,0,0,0
-0.2932464,0.2164116,-1.416503,0.8245223,0.3112775,-0.4725138,右足先EX,,,,1,0,0,0,False,0,0,0,0,0,0,0,0,0
-0.2876433,0.2020523,-1.433338,0.8214402,0.2970942,-0.4867967,右足先EX,,,,1,0,0,0,False,0,0,0,0,0,0,0,0,0
-0.2213703,0.1788025,-1.366187,0.8743586,0.2870435,-0.3912839,右足先EX,右足首D,,,0.9839006,0.01609939,0,0,False,0,0,0,0,0,0,0,0,0
-0.3819413,0.2267991,-1.448325,0.6793688,0.3439717,-0.6481832,右足先EX,,,,1,0,0,0,False,0,0,0,0,0,0,0,0,0
-0.3836278,0.2124778,-1.466713,0.6650453,0.323734,-0.6729866,右足先EX,,,,1,0,0,0,False,0,0,0,0,0,0,0,0,0
-0.2460139,-0.1880092,0.5110397,-1.417291E-06,-1,4.579468E-07,右足首D,,,,1,0,0,0,False,0,0,0,0,0,0,0,0,0
-0.6871189,-0.09460676,-1.405498,-0.02170418,-0.9714491,-0.2362535,右足先EX,,,,1,0,0,0,False,0,0,0,0,0,0,0,0,0
-0.2907366,-0.08893251,-1.46477,-0.03494198,-0.9619825,-0.2708666,右足先EX,,,,1,0,0,0,False,0,0,0,0,0,0,0,0,0
-0.3872977,-0.07850409,-1.498123,-0.02593753,-0.967346,-0.2521295,右足先EX,,,,1,0,0,0,False,0,0,0,0,0,0,0,0,0
-0.6063251,-0.08142499,-1.461108,-0.02593753,-0.967346,-0.2521295,右足先EX,,,,1,0,0,0,False,0,0,0,0,0,0,0,0,0
-0.1010265,0.3763745,-0.3478449,0.9844774,0.1732109,-0.02832436,右足首D,右ひざD,,,0.9957016,0.004298449,0,0,False,0,0,0,0,0,0,0,0,0
-0.08484881,0.3037229,-0.5950957,0.9696476,0.2379981,-0.05603903,右足首D,右足先EX,,,0.9352536,0.06474643,0,0,False,0,0,0,0,0,0,0,0,0
-0.07914164,0.4406782,-0.1405442,0.9924552,0.1222998,0.00867945,右足首D,右ひざD,,,0.9820062,0.01799381,0,0,False,0,0,0,0,0,0,0,0,0
-0.06182015,0.4718031,0.06451687,0.9921213,0.0870732,0.09007514,右足首D,右ひざD,,,0.9719331,0.02806687,0,0,False,0,0,0,0,0,0,0,0,0
-0.0562159,0.481291,0.1876607,0.9812894,0.07483293,0.1774009,右足首D,右ひざD,,,0.9370247,0.06297529,0,0,False,0,0,0,0,0,0,0,0,0
-0.07805336,0.4987516,0.3294677,0.9200241,0.07272564,0.3850541,右足首D,右ひざD,,,0.9313724,0.0686276,0,0,False,0,0,0,0,0,0,0,0,0
-0.132687,0.1455191,-0.5714692,0.9789568,0.203989,-0.005689265,右足首D,右足先EX,,,0.9248962,0.07510379,0,0,False,0,0,0,0,0,0,0,0,0
-0.1109423,0.1310777,-0.5631747,0.9801128,0.1984297,0.002141323,右足首D,右足先EX,,,0.9256268,0.07437317,0,0,False,0,0,0,0,0,0,0,0,0
-0.2387144,0.3395874,0.5573053,0.2010099,0.06435619,0.977473,右足首D,右ひざD,,,0.9883923,0.01160771,0,0,False,0,0,0,0,0,0,0,0,0
-0.643775,1.528212,0.05442339,-0.9972739,-0.05767392,-0.04602703,右ひざD,,,,1,0,0,0,False,0,0,0,0,0,0,0,0,0
-0.5928477,1.543519,0.2243484,-0.9894822,-0.06214322,0.1306259,右ひざD,,,,1,0,0,0,False,0,0,0,0,0,0,0,0,0
-0.4769146,1.556479,0.33553,-0.860101,-0.04851547,0.5078115,右ひざD,,,,1,0,0,0,False,0,0,0,0,0,0,0,0,0
-0.1961452,1.567911,0.2905983,0.9051012,0.01754726,0.4248342,右ひざD,,,,1,0,0,0,False,0,0,0,0,0,0,0,0,0
-0.3226892,1.567298,0.3644029,0.1920381,0.0139729,0.981288,右ひざD,,,,1,0,0,0,False,0,0,0,0,0,0,0,0,0
-0.1320496,1.558188,0.1436643,0.9953445,0.0152545,0.0951669,右ひざD,,,,1,0,0,0,False,0,0,0,0,0,0,0,0,0
-0.1250602,1.548083,-0.009622988,0.9983752,0.02038108,-0.05321316,右ひざD,,,,1,0,0,0,False,0,0,0,0,0,0,0,0,0
-0.1701035,1.533338,-0.1718895,0.9742303,0.03699075,-0.2225018,右ひざD,,,,1,0,0,0,False,0,0,0,0,0,0,0,0,0
-0.2632789,1.522036,-0.2840192,0.8129363,0.07993749,-0.5768402,右ひざD,,,,1,0,0,0,False,0,0,0,0,0,0,0,0,0
-0.5451566,1.514896,-0.2520542,-0.7847951,0.02131647,-0.6193888,右ひざD,,,,1,0,0,0,False,0,0,0,0,0,0,0,0,0
-0.409788,1.516242,-0.3122836,0.1769631,0.1117781,-0.9778495,右ひざD,,,,1,0,0,0,False,0,0,0,0,0,0,0,0,0
-0.6256469,1.518525,-0.1221449,-0.9732807,-0.0379176,-0.2264663,右ひざD,,,,1,0,0,0,False,0,0,0,0,0,0,0,0,0
-0.5824107,1.279776,-0.1926315,-0.939722,0.01382136,-0.3416599,右ひざD,右足首D,,,0.964042,0.03595798,0,0,False,0,0,0,0,0,0,0,0,0
-0.1978696,1.297213,-0.2509881,0.9348936,0.07965161,-0.345875,右ひざD,右足首D,,,0.9651164,0.0348836,0,0,False,0,0,0,0,0,0,0,0,0
-0.1587979,1.278021,-0.1903064,0.9767876,0.05962374,-0.2057448,右ひざD,右足首D,,,0.9620279,0.0379721,0,0,False,0,0,0,0,0,0,0,0,0
-0.1035083,1.261523,-0.01055455,0.9987767,0.03567028,-0.03424579,右ひざD,右足首D,,,0.9613673,0.03863266,0,0,False,0,0,0,0,0,0,0,0,0
-0.1168147,1.26583,0.1543771,0.993702,0.02630734,0.1089234,右ひざD,右足首D,,,0.9641486,0.03585137,0,0,False,0,0,0,0,0,0,0,0,0
-0.1817977,1.271191,0.2972392,0.9072399,0.02616165,0.4197991,右ひざD,右足首D,,,0.9659398,0.03406026,0,0,False,0,0,0,0,0,0,0,0,0
-0.3015446,1.270643,0.371235,0.4263762,0.02649777,0.9041579,右ひざD,右足首D,,,0.9663801,0.03361985,0,0,False,0,0,0,0,0,0,0,0,0
-0.3226892,1.567298,0.3644029,0.1920381,0.0139729,0.981288,右ひざD,,,,1,0,0,0,False,0,0,0,0,0,0,0,0,0
-0.4500638,1.261705,0.3391679,-0.8585129,-0.03477185,0.5116116,右ひざD,右足首D,,,0.9658809,0.03411906,0,0,False,0,0,0,0,0,0,0,0,0
-0.5618026,1.251567,0.2179811,-0.9905139,-0.04593666,0.1295073,右ひざD,右足首D,,,0.9653025,0.03469755,0,0,False,0,0,0,0,0,0,0,0,0
-0.6170247,1.245609,0.06016548,-0.9989688,-0.03794273,-0.02493469,右ひざD,右足首D,,,0.9616869,0.03831307,0,0,False,0,0,0,0,0,0,0,0,0
-0.1339651,0.1364657,-0.3020201,0.1155676,-0.7444228,0.6576312,右足首D,,,,1,0,0,0,False,0,0,0,0,0,0,0,0,0
-0.131387,-0.01757715,-0.4369338,0.1372063,-0.5852869,0.7991331,右足首D,右足先EX,,,0.946956,0.05304403,0,0,False,0,0,0,0,0,0,0,0,0
-0.6960273,-0.01757636,-0.3404889,0.1369189,-0.5884749,0.7968378,右足首D,,,,1,0,0,0,False,0,0,0,0,0,0,0,0,0
-0.6558453,0.1403203,-0.2047708,0.1150345,-0.7472542,0.6545061,右足首D,,,,1,0,0,0,False,0,0,0,0,0,0,0,0,0
-0.6849353,0.2041792,-0.2688794,-0.9909078,0.1303914,0.03316176,右足首D,,,,1,0,0,0,False,0,0,0,0,0,0,0,0,0
-0.6664538,0.2128123,-0.2769835,-0.990659,0.133231,0.02905663,右足首D,,,,1,0,0,0,False,0,0,0,0,0,0,0,0,0
-0.6131804,0.2758189,-0.08763184,-0.9948002,0.08898506,0.04953942,右足首D,右ひざD,,,0.9969484,0.003051639,0,0,False,0,0,0,0,0,0,0,0,0
-0.7504044,0.1310786,-0.4627276,-0.9841863,0.1765931,0.01386486,右足首D,右足先EX,,,0.9299588,0.07004122,0,0,False,0,0,0,0,0,0,0,0,0
-0.733289,0.14552,-0.4706766,-0.9835764,0.1803576,0.006977545,右足首D,右足先EX,,,0.9299963,0.07000367,0,0,False,0,0,0,0,0,0,0,0,0
-0.7425082,-0.1187207,-1.300234,-0.01859572,-0.9838023,-0.1782899,右足先EX,,,,1,0,0,0,False,0,0,0,0,0,0,0,0,0
-0.7165743,0.3381646,-1.245097,-0.8573892,0.4161887,-0.3027723,右足先EX,右足首D,,,0.865155,0.134845,0,0,False,0,0,0,0,0,0,0,0,0
-0.3868633,0.3681279,-1.407892,0.5327854,0.6385076,-0.5553808,右足先EX,右足首D,,,0.9324619,0.06753814,0,0,False,0,0,0,0,0,0,0,0,0
-0.5950374,0.3698983,-1.370128,-0.6460429,0.5838581,-0.491669,右足先EX,右足首D,,,0.9215162,0.07848376,0,0,False,0,0,0,0,0,0,0,0,0
-0.1040593,-0.1880094,-0.006581883,-1.417291E-06,-1,3.758873E-08,右足首D,,,,1,0,0,0,False,0,0,0,0,0,0,0,0,0
-0.5348012,-0.1880088,0.06573447,-1.417291E-06,-1,3.758873E-08,右足首D,,,,1,0,0,0,False,0,0,0,0,0,0,0,0,0
-0.2839172,0.05596121,-1.456311,0.8076692,0.2409554,-0.5381553,右足先EX,,,,1,0,0,0,False,0,0,0,0,0,0,0,0,0
-0.2201278,0.03693417,-1.38578,0.863463,0.2495468,-0.4383583,右足先EX,,,,1,0,0,0,False,0,0,0,0,0,0,0,0,0
-0.3854703,0.06638756,-1.491962,0.5568061,0.2382595,-0.7957382,右足先EX,,,,1,0,0,0,False,0,0,0,0,0,0,0,0,0
-0.6044967,0.0634653,-1.454935,-0.660013,0.2365069,-0.713055,右足先EX,,,,1,0,0,0,False,0,0,0,0,0,0,0,0,0
-0.692219,0.0492403,-1.395097,-0.8202609,0.242998,-0.5178069,右足先EX,,,,1,0,0,0,False,0,0,0,0,0,0,0,0,0
-0.7459221,0.02788994,-1.297141,-0.8906695,0.2553076,-0.3761994,右足先EX,,,,1,0,0,0,False,0,0,0,0,0,0,0,0,0
-0.8065774,0.1284016,-1.073889,-0.9293616,0.2873716,-0.231743,右足先EX,右足首D,,,0.8543934,0.1456066,0,0,False,0,0,0,0,0,0,0,0,0
-0.8060651,-0.153632,-1.087377,-0.9334054,0.259316,-0.2480114,右足先EX,右足首D,,,0.9401354,0.05986458,0,0,False,0,0,0,0,0,0,0,0,0
-0.6960273,-0.01757636,-0.3404889,-0.9894527,0.1205802,0.08027484,右足首D,,,,1,0,0,0,False,0,0,0,0,0,0,0,0,0
-0.6154606,0.2347899,-0.05938163,-0.9943225,0.08097233,0.0690388,右足首D,,,,1,0,0,0,False,0,0,0,0,0,0,0,0,0
-0.6311365,0.2698078,-0.07892765,-0.9946924,0.08814294,0.05308271,右足首D,右ひざD,,,0.9971489,0.002851129,0,0,False,0,0,0,0,0,0,0,0,0
-0.5850073,0.3114544,0.09209207,-0.9929453,0.05378826,0.1056723,右足首D,右ひざD,,,0.9896738,0.01032621,0,0,False,0,0,0,0,0,0,0,0,0
-0.6558453,0.1403203,-0.2047708,-0.9928386,0.100127,0.06516219,右足首D,,,,1,0,0,0,False,0,0,0,0,0,0,0,0,0
-0.08056165,0.2853719,0.01092976,0.9917192,0.08545133,0.09587144,右足首D,,,,1,0,0,0,False,0,0,0,0,0,0,0,0,0
-0.1207588,0.2420842,-0.1364802,0.991989,0.1096184,0.0627832,右足首D,,,,1,0,0,0,False,0,0,0,0,0,0,0,0,0
-0.1339651,0.1364657,-0.3020201,0.9898509,0.1315235,0.05382379,右足首D,,,,1,0,0,0,False,0,0,0,0,0,0,0,0,0
-0.131387,-0.01757715,-0.4369338,0.9881831,0.134565,0.0733927,右足首D,右足先EX,,,0.946956,0.05304403,0,0,False,0,0,0,0,0,0,0,0,0
-0.5528025,0.1015124,0.1197635,-0.9890968,0.03249096,0.1436379,右足首D,,,,1,0,0,0,False,0,0,0,0,0,0,0,0,0
-0.5395886,-0.04392271,0.1127231,-0.9876449,0.02096257,0.155301,右足首D,,,,1,0,0,0,False,0,0,0,0,0,0,0,0,0
-0.5792852,0.2853726,0.09261248,-0.9923565,0.05462902,0.1106543,右足首D,右ひざD,,,0.9966385,0.003361464,0,0,False,0,0,0,0,0,0,0,0,0
-0.08692219,0.1006929,0.04358731,0.9897002,0.04847955,0.1346976,右足首D,,,,1,0,0,0,False,0,0,0,0,0,0,0,0,0
-0.09490546,-0.04519527,0.03729491,0.9888792,0.02881778,0.1459022,右足首D,,,,1,0,0,0,False,0,0,0,0,0,0,0,0,0
-0.3295198,1.313541,-0.3196518,0.7468171,0.124927,-0.6531902,右ひざD,右足首D,,,0.967185,0.03281502,0,0,False,0,0,0,0,0,0,0,0,0
-0.4005939,1.315271,-0.3220619,0.2078414,0.1706412,-0.9631633,右ひざD,右足首D,,,0.9679496,0.03205042,0,0,False,0,0,0,0,0,0,0,0,0
-0.4990239,-0.1880088,0.2322685,-0.9708611,0.003794953,0.2396128,右足首D,,,,1,0,0,0,False,0,0,0,0,0,0,0,0,0
-0.5348012,-0.1880088,0.06573447,-0.9875723,0.02048702,0.1558242,右足首D,,,,1,0,0,0,False,0,0,0,0,0,0,0,0,0
-0.5348012,-0.1880088,0.06573447,-0.1583091,0.3003145,-0.9406113,右足首D,,,,1,0,0,0,False,0,0,0,0,0,0,0,0,0
-0.1040593,-0.1880094,-0.006581883,-0.1583091,0.3003145,-0.9406113,右足首D,,,,1,0,0,0,False,0,0,0,0,0,0,0,0,0
-0.08602193,-0.1880094,0.1708717,0.9767116,0.00594885,0.2144737,右足首D,,,,1,0,0,0,False,0,0,0,0,0,0,0,0,0
-0.1040593,-0.1880094,-0.006581883,0.9883797,0.02526635,0.1498912,右足首D,,,,1,0,0,0,False,0,0,0,0,0,0,0,0,0
-0.09068599,-0.1880094,0.3226968,0.9210709,-0.002482475,0.389387,右足首D,,,,1,0,0,0,False,0,0,0,0,0,0,0,0,0
-0.1508045,-0.1880093,0.4576362,0.7167987,0.001460449,0.6972786,右足首D,,,,1,0,0,0,False,0,0,0,0,0,0,0,0,0
-0.2460139,-0.1880092,0.5110397,0.2109811,0.01503185,0.9773747,右足首D,,,,1,0,0,0,False,0,0,0,0,0,0,0,0,0
-0.3473645,-0.188009,0.4891042,-0.2053126,0.015103,0.9785799,右足首D,,,,1,0,0,0,False,0,0,0,0,0,0,0,0,0
-0.2460139,-0.1880092,0.5110397,0.2109811,0.01503185,0.9773747,右足首D,,,,1,0,0,0,False,0,0,0,0,0,0,0,0,0
-0.4452336,-0.1880089,0.3839409,-0.8772626,-0.003109245,0.4800007,右足首D,,,,1,0,0,0,False,0,0,0,0,0,0,0,0,0
-0.08056165,0.2853719,0.01092976,-0.1593837,-0.1666151,-0.9730551,右足首D,,,,1,0,0,0,False,0,0,0,0,0,0,0,0,0
-0.5792852,0.2853726,0.09261248,-0.1593837,-0.166615,-0.9730551,右足首D,右ひざD,,,0.9966385,0.003361464,0,0,False,0,0,0,0,0,0,0,0,0
-0.7425082,-0.1187207,-1.300234,-0.8850147,0.2426759,-0.3973128,右足先EX,,,,1,0,0,0,False,0,0,0,0,0,0,0,0,0
-0.6871189,-0.09460676,-1.405498,-0.8012476,0.2213465,-0.5558849,右足先EX,,,,1,0,0,0,False,0,0,0,0,0,0,0,0,0
-0.6063251,-0.08142499,-1.461108,-0.6396582,0.2055334,-0.740671,右足先EX,,,,1,0,0,0,False,0,0,0,0,0,0,0,0,0
-0.3872977,-0.07850409,-1.498123,0.5305377,0.203087,-0.8229735,右足先EX,,,,1,0,0,0,False,0,0,0,0,0,0,0,0,0
-0.2907366,-0.08893251,-1.46477,0.7538712,0.2148189,-0.6209115,右足先EX,,,,1,0,0,0,False,0,0,0,0,0,0,0,0,0
-0.2265109,-0.1121823,-1.393069,0.8542563,0.2346302,-0.463891,右足先EX,,,,1,0,0,0,False,0,0,0,0,0,0,0,0,0
0.5812132,1.267408,-0.1972061,-0.1656292,0.3559636,-0.9197048,左ひざD,左足首D,,,0.9624351,0.03756493,0,0,False,0,0,0,0,0,0,0,0,0
0.603738,1.275605,-0.1980902,-0.1656283,0.355961,-0.919706,左ひざD,左足首D,,,0.9641916,0.03580846,0,0,False,0,0,0,0,0,0,0,0,0
0.5823862,1.279773,-0.1926316,-0.1656303,0.3559669,-0.9197033,左ひざD,左足首D,,,0.964042,0.03595798,0,0,False,0,0,0,0,0,0,0,0,0
0.621769,1.252195,-0.1374696,0.240215,0.9259429,0.2914214,左ひざD,左足首D,,,0.9606882,0.03931185,0,0,False,0,0,0,0,0,0,0,0,0
0.6026761,1.253151,-0.1258723,0.240215,0.9259429,0.2914215,左ひざD,左足首D,,,0.9606577,0.03934235,0,0,False,0,0,0,0,0,0,0,0,0
0.5823862,1.279773,-0.1926316,0.240215,0.9259429,0.2914214,左ひざD,左足首D,,,0.964042,0.03595798,0,0,False,0,0,0,0,0,0,0,0,0
0.603738,1.275605,-0.1980902,0.240215,0.9259429,0.2914215,左ひざD,左足首D,,,0.9641916,0.03580846,0,0,False,0,0,0,0,0,0,0,0,0
0.6051348,1.076845,-0.202341,0.4746791,-0.3446465,0.8098757,左ひざD,左足首D,,,0.830924,0.169076,0,0,False,0,0,0,0,0,0,0,0,0
0.5853549,1.070558,-0.1934233,0.4746791,-0.3446465,0.8098757,左ひざD,左足首D,,,0.8254889,0.1745111,0,0,False,0,0,0,0,0,0,0,0,0
0.6026761,1.253151,-0.1258723,0.4746791,-0.3446465,0.8098756,左ひざD,左足首D,,,0.9606577,0.03934235,0,0,False,0,0,0,0,0,0,0,0,0
0.621769,1.252195,-0.1374696,0.4746791,-0.3446465,0.8098756,左ひざD,左足首D,,,0.9606882,0.03931185,0,0,False,0,0,0,0,0,0,0,0,0
0.6051348,1.076845,-0.202341,0.09633037,-0.9162464,-0.3888613,左ひざD,左足首D,,,0.830924,0.169076,0,0,False,0,0,0,0,0,0,0,0,0
0.5871037,1.100255,-0.2629617,0.09633037,-0.9162464,-0.3888613,左ひざD,左足首D,,,0.8574395,0.1425605,0,0,False,0,0,0,0,0,0,0,0,0
0.5650649,1.097181,-0.2601825,0.09633037,-0.9162463,-0.3888613,左ひざD,左足首D,,,0.8574395,0.1425605,0,0,False,0,0,0,0,0,0,0,0,0
0.5853549,1.070558,-0.1934233,0.09633037,-0.9162463,-0.3888614,左ひざD,左足首D,,,0.8254889,0.1745111,0,0,False,0,0,0,0,0,0,0,0,0
0.621769,1.252195,-0.1374696,0.9597551,0.01274539,-0.280549,左ひざD,左足首D,,,0.9606882,0.03931185,0,0,False,0,0,0,0,0,0,0,0,0
0.60237,1.261185,-0.2034248,0.9597551,0.01274536,-0.2805489,左ひざD,左足首D,,,0.9608591,0.03914086,0,0,False,0,0,0,0,0,0,0,0,0
0.5886257,1.116298,-0.2570263,0.9597552,0.01274559,-0.280549,左ひざD,左足首D,,,0.8574395,0.1425605,0,0,False,0,0,0,0,0,0,0,0,0
0.6051348,1.076845,-0.202341,0.9597551,0.01274545,-0.2805489,左ひざD,左足首D,,,0.830924,0.169076,0,0,False,0,0,0,0,0,0,0,0,0
0.60237,1.261185,-0.2034248,-0.1656275,0.3559586,-0.9197071,左ひざD,左足首D,,,0.9608591,0.03914086,0,0,False,0,0,0,0,0,0,0,0,0
0.5650649,1.097181,-0.2601825,-0.1656276,0.3559646,-0.9197047,左ひざD,左足首D,,,0.8574395,0.1425605,0,0,False,0,0,0,0,0,0,0,0,0
0.5871037,1.100255,-0.2629617,-0.1656279,0.3559623,-0.9197056,左ひざD,左足首D,,,0.8574395,0.1425605,0,0,False,0,0,0,0,0,0,0,0,0
0.5662504,1.109677,-0.2555594,-0.1656277,0.3559632,-0.9197052,左ひざD,左足首D,,,0.8574395,0.1425605,0,0,False,0,0,0,0,0,0,0,0,0
0.537643,1.142689,-0.3320877,0.7343206,0.1974773,-0.6494429,左ひざD,左足首D,,,0.8783109,0.1216891,0,0,False,0,0,0,0,0,0,0,0,0
0.5464138,1.289713,-0.2742811,0.7411761,0.193929,-0.6426892,左ひざD,左足首D,,,0.9643983,0.03560173,0,0,False,0,0,0,0,0,0,0,0,0
0.479078,1.309166,-0.3255403,0.4987471,0.2704366,-0.8234776,左ひざD,左足首D,,,0.9678258,0.03217425,0,0,False,0,0,0,0,0,0,0,0,0
0.480172,1.156615,-0.3742957,0.5014955,0.2700244,-0.8219422,左ひざD,左足首D,,,0.8832615,0.1167385,0,0,False,0,0,0,0,0,0,0,0,0
0.404586,1.165403,-0.4034057,0.142916,0.3086728,-0.9403703,左ひざD,左足首D,,,0.8834611,0.116539,0,0,False,0,0,0,0,0,0,0,0,0
0.4056403,1.318876,-0.3530958,0.1467374,0.3084397,-0.939858,左ひざD,左足首D,,,0.9684732,0.0315268,0,0,False,0,0,0,0,0,0,0,0,0
0.3304484,1.315254,-0.3450111,-0.2524033,0.3113433,-0.9161648,左ひざD,左足首D,,,0.9671943,0.03280569,0,0,False,0,0,0,0,0,0,0,0,0
0.333215,1.162436,-0.3968012,-0.2528346,0.3113255,-0.9160519,左ひざD,左足首D,,,0.8820326,0.1179674,0,0,False,0,0,0,0,0,0,0,0,0
0.2609054,1.303228,-0.3155953,-0.5010792,0.2768876,-0.8199103,左ひざD,左足首D,,,0.9655612,0.03443887,0,0,False,0,0,0,0,0,0,0,0,0
0.2645095,1.151877,-0.372332,-0.5013238,0.2768252,-0.8197819,左ひざD,左足首D,,,0.8758679,0.1241321,0,0,False,0,0,0,0,0,0,0,0,0
0.479078,1.309166,-0.3255403,0.1291908,0.9845433,0.1182553,左ひざD,左足首D,,,0.9678258,0.03217425,0,0,False,0,0,0,0,0,0,0,0,0
0.4677659,1.307969,-0.3015763,0.1323703,0.9840623,0.118741,左ひざD,左足首D,,,0.9670956,0.03290442,0,0,False,0,0,0,0,0,0,0,0,0
0.4005694,1.315269,-0.3220619,0.02645623,0.9945278,0.1010668,左ひざD,左足首D,,,0.9679496,0.03205042,0,0,False,0,0,0,0,0,0,0,0,0
0.4056403,1.318876,-0.3530958,0.02865855,0.9944265,0.1014636,左ひざD,左足首D,,,0.9684732,0.0315268,0,0,False,0,0,0,0,0,0,0,0,0
0.5464138,1.289713,-0.2742811,0.2270494,0.9643142,0.1361872,左ひざD,左足首D,,,0.9643983,0.03560173,0,0,False,0,0,0,0,0,0,0,0,0
0.5812132,1.267408,-0.1972061,0.2804537,0.9484146,0.1478367,左ひざD,左足首D,,,0.9624351,0.03756493,0,0,False,0,0,0,0,0,0,0,0,0
0.5313131,1.290338,-0.255652,0.2314328,0.9631344,0.1371539,左ひざD,左足首D,,,0.9645952,0.03540481,0,0,False,0,0,0,0,0,0,0,0,0
0.60237,1.261185,-0.2034248,0.2804537,0.9484146,0.1478367,左ひざD,左足首D,,,0.9608591,0.03914086,0,0,False,0,0,0,0,0,0,0,0,0
0.399456,1.149436,-0.3767764,0.04700539,-0.8489671,-0.526351,左ひざD,左足首D,,,0.8834611,0.116539,0,0,False,0,0,0,0,0,0,0,0,0
0.4688891,1.141403,-0.3525704,0.1284562,-0.8516887,-0.5080603,左ひざD,左足首D,,,0.8832615,0.1167385,0,0,False,0,0,0,0,0,0,0,0,0
0.480172,1.156615,-0.3742957,0.1238285,-0.8516417,-0.5092866,左ひざD,左足首D,,,0.8832615,0.1167385,0,0,False,0,0,0,0,0,0,0,0,0
0.404586,1.165403,-0.4034057,0.0485144,-0.8490569,-0.5260691,左ひざD,左足首D,,,0.8834611,0.116539,0,0,False,0,0,0,0,0,0,0,0,0
0.537643,1.142689,-0.3320877,0.1871872,-0.855806,-0.482242,左ひざD,左足首D,,,0.8783109,0.1216891,0,0,False,0,0,0,0,0,0,0,0,0
0.5230755,1.126933,-0.3094108,0.1992298,-0.8578694,-0.4736745,左ひざD,左足首D,,,0.8783109,0.1216891,0,0,False,0,0,0,0,0,0,0,0,0
0.5886257,1.116298,-0.2570263,0.2242045,-0.8615584,-0.4554661,左ひざD,左足首D,,,0.8574395,0.1425605,0,0,False,0,0,0,0,0,0,0,0,0
0.5662504,1.109677,-0.2555594,0.2242046,-0.8615586,-0.4554661,左ひざD,左足首D,,,0.8574395,0.1425605,0,0,False,0,0,0,0,0,0,0,0,0
0.333215,1.162436,-0.3968012,-0.02929008,-0.8332552,-0.5521122,左ひざD,左足首D,,,0.8820326,0.1179674,0,0,False,0,0,0,0,0,0,0,0,0
0.3339384,1.147153,-0.3740685,-0.03666453,-0.8297316,-0.556957,左ひざD,左足首D,,,0.8820326,0.1179674,0,0,False,0,0,0,0,0,0,0,0,0
0.2645095,1.151877,-0.372332,-0.113983,-0.8185925,-0.5629514,左ひざD,左足首D,,,0.8758679,0.1241321,0,0,False,0,0,0,0,0,0,0,0,0
0.2691415,1.139288,-0.3565174,-0.129701,-0.8201594,-0.5572398,左ひざD,左足首D,,,0.8758679,0.1241321,0,0,False,0,0,0,0,0,0,0,0,0
0.1996384,1.121259,-0.3054852,-0.1698771,-0.8231217,-0.5418602,左ひざD,左足首D,,,0.8642924,0.1357076,0,0,False,0,0,0,0,0,0,0,0,0
0.1800583,1.128672,-0.3124628,-0.1698771,-0.8231217,-0.5418602,左ひざD,左足首D,,,0.8634357,0.1365643,0,0,False,0,0,0,0,0,0,0,0,0
0.3304484,1.315254,-0.3450111,-0.06780896,0.9948692,0.07508159,左ひざD,左足首D,,,0.9671943,0.03280569,0,0,False,0,0,0,0,0,0,0,0,0
0.3294953,1.313539,-0.3196518,-0.08691525,0.9939522,0.06711758,左ひざD,左足首D,,,0.967185,0.03281502,0,0,False,0,0,0,0,0,0,0,0,0
0.2609054,1.303228,-0.3155953,-0.1963492,0.9791403,0.05226202,左ひざD,左足首D,,,0.9655612,0.03443887,0,0,False,0,0,0,0,0,0,0,0,0
0.2680085,1.304013,-0.2978423,-0.2005079,0.9782524,0.05309531,左ひざD,左足首D,,,0.9658592,0.03414084,0,0,False,0,0,0,0,0,0,0,0,0
0.1979848,1.283507,-0.255233,-0.244046,0.9677922,0.06180428,左ひざD,左足首D,,,0.9627387,0.03726131,0,0,False,0,0,0,0,0,0,0,0,0
0.1783414,1.279349,-0.2656958,-0.244046,0.9677922,0.06180426,左ひざD,左足首D,,,0.9618173,0.03818274,0,0,False,0,0,0,0,0,0,0,0,0
0.1783414,1.279349,-0.2656958,-0.5802469,0.2548653,-0.7735355,左ひざD,左足首D,,,0.9618173,0.03818274,0,0,False,0,0,0,0,0,0,0,0,0
0.1800583,1.128672,-0.3124628,-0.5802469,0.2548653,-0.7735355,左ひざD,左足首D,,,0.8634357,0.1365643,0,0,False,0,0,0,0,0,0,0,0,0
0.4678234,0.3385527,0.4019656,0.7684962,0.03979715,0.6386155,左足首D,左ひざD,,,0.9841752,0.01582479,0,0,False,0,0,0,0,0,0,0,0,0
0.5341579,0.330038,0.2475234,0.9368035,0.04204661,0.3473203,左足首D,左ひざD,,,0.9827441,0.0172559,0,0,False,0,0,0,0,0,0,0,0,0
0.564446,0.3214825,0.09913497,0.9729932,0.06130346,0.2225447,左足首D,左ひざD,,,0.9884797,0.01152033,0,0,False,0,0,0,0,0,0,0,0,0
0.7299039,-0.1863714,-0.4408511,-0.1422075,-0.5237626,0.8399106,左足首D,左足先EX,,,0.9154512,0.08454882,0,0,False,0,0,0,0,0,0,0,0,0
0.1106647,-0.1863706,-0.5448509,-0.1422075,-0.5237625,0.8399106,左足首D,左足先EX,,,0.8740072,0.1259928,0,0,False,0,0,0,0,0,0,0,0,0
0.1331069,0.3427734,0.4626703,-0.7236322,0.07095109,0.6865293,左足首D,左ひざD,,,0.9865702,0.01342976,0,0,False,0,0,0,0,0,0,0,0,0
0.3673812,0.3427731,0.5035223,0.1028866,0.05801536,0.9929998,左足首D,左ひざD,,,0.986719,0.01328105,0,0,False,0,0,0,0,0,0,0,0,0
0.1106647,-0.1863706,-0.5448509,-0.9857752,0.1680025,-0.004730866,左足首D,左足先EX,,,0.8740072,0.1259928,0,0,False,0,0,0,0,0,0,0,0,0
0.04533284,-0.1863705,-0.7999821,-0.9624864,0.2474017,-0.1114101,左足首D,左足先EX,,,0.6653493,0.3346507,0,0,False,0,0,0,0,0,0,0,0,0
0.04533284,-0.1863705,-0.7999821,0.005074898,-0.9995921,-0.02810399,左足首D,左足先EX,,,0.6653493,0.3346507,0,0,False,0,0,0,0,0,0,0,0,0
0.7299039,-0.1863714,-0.4408511,-1.369309E-06,-1,4.066355E-08,左足首D,左足先EX,,,0.9154512,0.08454882,0,0,False,0,0,0,0,0,0,0,0,0
0.8286872,-0.1863716,-0.6584894,0.003094315,-0.9997919,-0.02016556,左足首D,左足先EX,,,0.7131077,0.2868923,0,0,False,0,0,0,0,0,0,0,0,0
0.8099191,0.1189726,-0.6663557,0.9619256,0.2710526,0.03506852,左足首D,左足先EX,,,0.7974229,0.2025771,0,0,False,0,0,0,0,0,0,0,0,0
0.8290961,0.1045312,-0.659298,0.9638626,0.2612307,0.05222641,左足首D,左足先EX,,,0.7933509,0.2066491,0,0,False,0,0,0,0,0,0,0,0,0
0.1438823,0.1422767,-1.23681,-0.8494207,0.3288451,-0.4127292,左足先EX,左足首D,,,0.9013698,0.09863019,0,0,False,0,0,0,0,0,0,0,0,0
0.1657361,0.156636,-1.231516,-0.8475699,0.3324247,-0.4136655,左足先EX,左足首D,,,0.893258,0.106742,0,0,False,0,0,0,0,0,0,0,0,0
0.1015818,0.1246281,-1.013925,-0.8972518,0.3284171,-0.2950957,左足首D,左足先EX,,,0.5077896,0.4922104,0,0,False,0,0,0,0,0,0,0,0,0
0.08077562,0.1102689,-1.006786,-0.9010313,0.3245327,-0.2877868,左足首D,左足先EX,,,0.5201527,0.4798473,0,0,False,0,0,0,0,0,0,0,0,0
0.07968542,-0.1757693,-1.024873,0.01650451,-0.9959398,-0.08849582,左足先EX,左足首D,,,0.6048325,0.3951675,0,0,False,0,0,0,0,0,0,0,0,0
0.8288277,0.1102678,-0.8620663,0.947962,0.3120175,-0.06335111,左足首D,左足先EX,,,0.5106925,0.4893076,0,0,False,0,0,0,0,0,0,0,0,0
0.8091706,0.1246272,-0.8702756,0.9437675,0.3202044,-0.08229403,左足首D,左足先EX,,,0.5106925,0.4893076,0,0,False,0,0,0,0,0,0,0,0,0
0.7859036,0.1427585,-1.07505,0.9247754,0.3351311,-0.1802156,左足先EX,左足首D,,,0.8458943,0.1541057,0,0,False,0,0,0,0,0,0,0,0,0
0.06853242,0.1189736,-0.7975153,-0.9393365,0.293081,-0.1781868,左足首D,左足先EX,,,0.7605101,0.2394899,0,0,False,0,0,0,0,0,0,0,0,0
0.04635927,0.1045322,-0.7947837,-0.9423324,0.2882629,-0.1700417,左足首D,左足先EX,,,0.7535833,0.2464167,0,0,False,0,0,0,0,0,0,0,0,0
0.8281386,-0.1777971,-0.8671876,0.01038802,-0.9973508,-0.07199764,左足首D,左足先EX,,,0.5241839,0.4758161,0,0,False,0,0,0,0,0,0,0,0,0
0.742766,0.307611,-0.4862972,0.9688759,0.2450292,0.03521848,左足首D,左足先EX,左ひざD,下半身,0.9358349,0.06088589,0.003279159,0,False,0,0,0,0,0,0,0,0,0
0.2558711,0.7528677,-0.5567133,-0.6891054,0.4387894,-0.5767128,左足首D,左ひざD,,,0.85929,0.14071,0,0,False,0,0,0,0,0,0,0,0,0
0.1706386,0.5506245,-0.6807411,-0.8200415,0.4533783,-0.3492566,左足首D,左足先EX,左ひざD,下半身,0.9140126,0.05686797,0.02911942,0,False,0,0,0,0,0,0,0,0,0
0.2607544,0.595966,-0.6936476,-0.6912305,0.535356,-0.4853806,左足首D,左足先EX,左ひざD,下半身,0.9157524,0.05422989,0.03001769,0,False,0,0,0,0,0,0,0,0,0
0.6071762,1.034551,-0.09871117,0.997448,0.009917406,-0.07070527,左ひざD,左足首D,,,0.7499803,0.2500197,0,0,False,0,0,0,0,0,0,0,0,0
0.6185367,0.8617628,0.0871428,0.9929078,-0.001386571,0.1188786,左足首D,左ひざD,,,0.5033193,0.4966807,0,0,False,0,0,0,0,0,0,0,0,0
0.6091745,1.025327,0.07173096,0.9957283,-0.01975589,0.0901942,左ひざD,左足首D,,,0.7481699,0.2518301,0,0,False,0,0,0,0,0,0,0,0,0
0.55115,1.030403,0.2349968,0.9458326,-0.03022931,0.3232446,左ひざD,左足首D,,,0.7690538,0.2309462,0,0,False,0,0,0,0,0,0,0,0,0
0.5736898,0.4784363,0.1652041,0.970521,0.04831496,0.2361242,左足首D,左ひざD,,,0.9432157,0.05678433,0,0,False,0,0,0,0,0,0,0,0,0
0.604575,0.5364009,0.04574207,0.9877231,0.06481212,0.1421355,左足首D,左ひざD,,,0.9197124,0.08028758,0,0,False,0,0,0,0,0,0,0,0,0
0.563458,0.6429715,0.2381252,0.9488223,0.02165587,0.315067,左足首D,左ひざD,,,0.8457883,0.1542117,0,0,False,0,0,0,0,0,0,0,0,0
0.6273199,0.7269298,0.09885579,0.9869806,0.01981488,0.1596146,左足首D,左ひざD,,,0.7351934,0.2648066,0,0,False,0,0,0,0,0,0,0,0,0
0.6298761,0.6716362,-0.1031536,0.9967768,0.06682995,0.04438356,左足首D,左ひざD,,,0.8311227,0.1688773,0,0,False,0,0,0,0,0,0,0,0,0
0.09131221,0.8463632,-0.1669881,-0.9732056,0.1127111,-0.2004174,左足首D,左ひざD,,,0.6063749,0.3936251,0,0,False,0,0,0,0,0,0,0,0,0
0.1268833,1.061149,-0.1762628,-0.9565853,0.08946483,-0.2773819,左ひざD,左足首D,,,0.8613636,0.1386364,0,0,False,0,0,0,0,0,0,0,0,0
0.08532298,1.050979,-0.006642902,-0.9911297,0.0598949,-0.1186361,左ひざD,左足首D,,,0.8249152,0.1750848,0,0,False,0,0,0,0,0,0,0,0,0
0.06363834,0.844357,0.0008033341,-0.993138,0.07952063,-0.08575279,左足首D,左ひざD,,,0.5492471,0.4507529,0,0,False,0,0,0,0,0,0,0,0,0
0.09838732,1.047091,0.1703758,-0.9976344,0.04686769,0.05028917,左ひざD,左足首D,,,0.8301342,0.1698658,0,0,False,0,0,0,0,0,0,0,0,0
0.07805572,0.8434277,0.1375159,-0.9973245,0.06569889,0.03205659,左足首D,左ひざD,,,0.5769901,0.4230099,0,0,False,0,0,0,0,0,0,0,0,0
0.06354556,0.663976,0.1565886,-0.9951921,0.0820004,0.0535602,左足首D,左ひざD,,,0.8850994,0.1149006,0,0,False,0,0,0,0,0,0,0,0,0
0.03595525,0.6490135,0.02010377,-0.9938174,0.09940153,-0.04946153,左足首D,左ひざD,,,0.85,0.15,0,0,False,0,0,0,0,0,0,0,0,0
0.1485614,0.6541981,-0.505302,-0.8722132,0.3276307,-0.3631834,左足首D,左ひざD,,,0.923279,0.07672095,0,0,False,0,0,0,0,0,0,0,0,0
0.1047487,0.74326,-0.264466,-0.9572811,0.162228,-0.2393641,左足首D,左ひざD,,,0.8,0.2,0,0,False,0,0,0,0,0,0,0,0,0
0.1100074,0.5419502,-0.437227,-0.9394317,0.2539316,-0.2301888,左足首D,左ひざD,,,0.942229,0.05777103,0,0,False,0,0,0,0,0,0,0,0,0
0.111501,0.4614323,-0.6440368,-0.8998032,0.3511487,-0.2589381,左足首D,左足先EX,左ひざD,下半身,0.9220777,0.05782053,0.0201018,0,False,0,0,0,0,0,0,0,0,0
0.1614984,0.8445927,-0.3541389,-0.8894276,0.2086137,-0.4066926,左足首D,左ひざD,,,0.7412499,0.2587501,0,0,False,0,0,0,0,0,0,0,0,0
0.6267309,0.8396965,-0.0987106,0.9991636,0.03776633,-0.01567624,左足首D,左ひざD,,,0.5906743,0.4093257,0,0,False,0,0,0,0,0,0,0,0,0
0.6064755,0.9368701,-0.2554941,0.9855044,0.0807023,-0.1492254,左ひざD,左足首D,,,0.5124446,0.4875554,0,0,False,0,0,0,0,0,0,0,0,0
0.162926,0.9668659,-0.3370172,-0.8826655,0.1823689,-0.433178,左ひざD,左足首D,,,0.5716945,0.4283055,0,0,False,0,0,0,0,0,0,0,0,0
0.6640685,0.5310426,-0.3456247,0.9804735,0.1926624,-0.03940652,左足首D,左ひざD,,,0.9526439,0.04735607,0,0,False,0,0,0,0,0,0,0,0,0
0.6730822,0.3906697,-0.2594804,0.9852165,0.1602753,0.06050163,左足首D,左ひざD,,,0.9899322,0.01006776,0,0,False,0,0,0,0,0,0,0,0,0
0.4919076,0.4941539,0.3953457,0.7838132,0.03948167,0.6197404,左足首D,左ひざD,,,0.9420591,0.0579409,0,0,False,0,0,0,0,0,0,0,0,0
0.5511859,0.4828991,0.2551455,0.9393892,0.03796684,0.3407438,左足首D,左ひざD,,,0.9402807,0.05971932,0,0,False,0,0,0,0,0,0,0,0,0
0.09175486,0.683004,0.3049086,-0.962688,0.07343442,0.2604598,左足首D,左ひざD,,,0.9037624,0.0962376,0,0,False,0,0,0,0,0,0,0,0,0
0.6293771,0.47071,-0.09143402,0.9904956,0.1012159,0.09313362,左足首D,左ひざD,,,0.9369484,0.06305164,0,0,False,0,0,0,0,0,0,0,0,0
0.2477783,0.5140166,0.5400724,-0.2626821,0.07006676,0.9623351,左足首D,左ひざD,,,0.9414101,0.05858994,0,0,False,0,0,0,0,0,0,0,0,0
0.37994,0.5051006,0.507625,0.2447174,0.05628064,0.9679598,左足首D,左ひざD,,,0.9402839,0.05971611,0,0,False,0,0,0,0,0,0,0,0,0
0.1329872,0.5122079,0.462693,-0.7234423,0.08141293,0.6855678,左足首D,左ひざD,,,0.9384601,0.06153989,0,0,False,0,0,0,0,0,0,0,0,0
0.1326594,0.1455185,-0.5714692,-0.9657716,0.2393437,-0.09999891,左足首D,左足先EX,,,0.9248962,0.07510379,0,0,False,0,0,0,0,0,0,0,0,0
0.7953579,0.2702774,-0.7213838,0.9451233,0.3251093,-0.03234186,左足首D,左足先EX,,,0.7539884,0.2460116,0,0,False,0,0,0,0,0,0,0,0,0
0.5519328,0.7443744,-0.5058933,0.8042764,0.3899982,-0.4483761,左足首D,左ひざD,,,0.85929,0.14071,0,0,False,0,0,0,0,0,0,0,0,0
0.5776173,0.5889626,-0.6537294,0.8269574,0.4751559,-0.3006135,左足首D,左足先EX,左ひざD,下半身,0.9200498,0.05303374,0.02691648,0,False,0,0,0,0,0,0,0,0,0
0.6541926,0.536913,-0.6147752,0.8906426,0.4112044,-0.1940793,左足首D,左足先EX,左ひざD,下半身,0.9199146,0.05338358,0.02670183,0,False,0,0,0,0,0,0,0,0,0
0.7098868,0.4552863,-0.5652331,0.9495629,0.3028539,-0.08130094,左足首D,左足先EX,左ひざD,下半身,0.920419,0.0585953,0.02098572,0,False,0,0,0,0,0,0,0,0,0
0.732295,0.3971336,-0.7779829,0.9001804,0.4175771,-0.1237118,左足首D,左足先EX,,,0.7348497,0.2651503,0,0,False,0,0,0,0,0,0,0,0,0
0.1381533,0.402018,-0.8634591,-0.8418465,0.4511614,-0.2962228,左足首D,左足先EX,,,0.775,0.225,0,0,False,0,0,0,0,0,0,0,0,0
0.2755294,0.4743539,-0.8685297,-0.6366895,0.6606634,-0.3976813,左足首D,左足先EX,,,0.7519375,0.2480625,0,0,False,0,0,0,0,0,0,0,0,0
0.06808757,0.2522276,-0.8298488,-0.9147252,0.3379028,-0.2215842,左足首D,左足先EX,,,0.7772332,0.2227668,0,0,False,0,0,0,0,0,0,0,0,0
0.7252148,0.409037,-1.047042,0.8376135,0.5151066,-0.1818486,左足先EX,左足首D,,,0.6462121,0.3537879,0,0,False,0,0,0,0,0,0,0,0,0
0.799939,0.2720949,-0.9094197,0.9226837,0.3682109,-0.1143485,左足首D,左足先EX,,,0.5421252,0.4578747,0,0,False,0,0,0,0,0,0,0,0,0
0.6312732,0.6516711,-0.4295202,0.9402176,0.269684,-0.2079936,左足首D,左ひざD,,,0.9351568,0.06484318,0,0,False,0,0,0,0,0,0,0,0,0
0.09657994,0.258311,-1.012768,-0.879483,0.373435,-0.2950526,左足首D,左足先EX,,,0.5594233,0.4405767,0,0,False,0,0,0,0,0,0,0,0,0
0.1894051,0.4027773,-1.108108,-0.7744867,0.5341621,-0.3388824,左足先EX,左足首D,,,0.6462121,0.3537879,0,0,False,0,0,0,0,0,0,0,0,0
0.4196041,0.6286509,-0.6965771,-0.04367863,0.7225975,-0.6898876,左足首D,左足先EX,左ひざD,下半身,0.9190412,0.05051555,0.03044329,0,False,0,0,0,0,0,0,0,0,0
0.6027787,0.4696526,-0.8263201,0.777813,0.5812443,-0.2390863,左足首D,左足先EX,,,0.7250642,0.2749359,0,0,False,0,0,0,0,0,0,0,0,0
0.4327588,0.4972798,-0.8551177,-0.04853864,0.8819234,-0.4688871,左足首D,左足先EX,,,0.75,0.25,0,0,False,0,0,0,0,0,0,0,0,0
0.2999701,0.4551617,-1.118912,-0.5639477,0.7436035,-0.3591891,左足先EX,左足首D,,,0.6601772,0.3398228,0,0,False,0,0,0,0,0,0,0,0,0
0.2477783,0.5140166,0.5400724,-0.2626821,0.07006676,0.9623351,左足首D,左ひざD,,,0.9414101,0.05858994,0,0,False,0,0,0,0,0,0,0,0,0
0.2418305,0.3480204,0.5351262,-0.2704819,0.06519868,0.9605149,左足首D,左ひざD,,,0.985921,0.01407903,0,0,False,0,0,0,0,0,0,0,0,0
0.2418305,0.3480204,0.5351262,-0.2704819,0.06519868,0.9605149,左足首D,左ひざD,,,0.985921,0.01407903,0,0,False,0,0,0,0,0,0,0,0,0
0.2386873,0.3395865,0.5573052,-0.2657525,0.06477208,0.961863,左足首D,左ひざD,,,0.9883923,0.01160771,0,0,False,0,0,0,0,0,0,0,0,0
0.2632201,1.028323,-0.4338541,-0.661509,0.2518738,-0.7063748,左ひざD,左足首D,,,0.5829918,0.4170082,0,0,False,0,0,0,0,0,0,0,0,0
0.1997479,1.110515,-0.3088131,-0.861559,0.1563743,-0.4829732,左ひざD,左足首D,,,0.8673732,0.1326268,0,0,False,0,0,0,0,0,0,0,0,0
0.2691415,1.139288,-0.3565174,-0.6988467,0.1965594,-0.6877337,左ひざD,左足首D,,,0.8758679,0.1241321,0,0,False,0,0,0,0,0,0,0,0,0
0.1768469,1.053162,0.3136079,-0.9121421,0.04427762,0.4074755,左ひざD,左足首D,,,0.8437961,0.1562039,0,0,False,0,0,0,0,0,0,0,0,0
0.163734,0.9662501,0.3637428,-0.8758994,0.05005259,0.4798907,左ひざD,左足首D,,,0.6083056,0.3916945,0,0,False,0,0,0,0,0,0,0,0,0
0.06946911,0.6343419,-0.1574776,-0.9824178,0.1324842,-0.1315427,左足首D,左ひざD,,,0.9,0.1,0,0,False,0,0,0,0,0,0,0,0,0
0.6026761,1.253151,-0.1258723,0.9902803,-0.01482248,-0.1382938,左ひざD,左足首D,,,0.9606577,0.03934235,0,0,False,0,0,0,0,0,0,0,0,0
0.4677659,1.307969,-0.3015763,0.5953174,0.1155255,-0.7951422,左ひざD,左足首D,,,0.9670956,0.03290442,0,0,False,0,0,0,0,0,0,0,0,0
0.1587734,1.278019,-0.1903064,-0.9403471,0.06987648,-0.3329636,左ひざD,左足首D,,,0.9620279,0.0379721,0,0,False,0,0,0,0,0,0,0,0,0
0.2613877,0.7052589,0.5062503,-0.2642234,0.05666531,0.9627954,左足首D,左ひざD,,,0.9049468,0.0950532,0,0,False,0,0,0,0,0,0,0,0,0
0.1476481,0.6987467,0.4262288,-0.7558929,0.0693284,0.6510142,左足首D,左ひざD,,,0.904922,0.09507799,0,0,False,0,0,0,0,0,0,0,0,0
0.27671,0.8672423,0.4451703,-0.2722255,0.04250579,0.9612942,左足首D,左ひざD,,,0.7,0.3,0,0,False,0,0,0,0,0,0,0,0,0
0.4156746,0.849579,0.4150098,0.3715025,0.01803092,0.9282569,左足首D,左ひざD,,,0.7,0.3,0,0,False,0,0,0,0,0,0,0,0,0
0.2798748,0.9727657,0.4410481,-0.2742154,0.03735305,0.9609426,左ひざD,左足首D,,,0.6083056,0.3916945,0,0,False,0,0,0,0,0,0,0,0,0
0.4278061,0.9580625,0.4066777,0.5578061,5.556548E-05,0.8299713,左ひざD,左足首D,,,0.6083056,0.3916945,0,0,False,0,0,0,0,0,0,0,0,0
0.4084828,0.7879505,-0.5629997,-0.06677429,0.5956375,-0.8004731,左足首D,左ひざD,,,0.85,0.15,0,0,False,0,0,0,0,0,0,0,0,0
0.4015526,0.9571723,-0.4422644,-0.07852926,0.3378791,-0.9379077,左足首D,左ひざD,,,0.577149,0.422851,0,0,False,0,0,0,0,0,0,0,0,0
0.4045864,1.049485,-0.457467,-0.04638157,0.3304887,-0.9426697,左ひざD,左足首D,,,0.6076424,0.3923576,0,0,False,0,0,0,0,0,0,0,0,0
0.6047946,0.4541311,-1.088374,0.6182462,0.745109,-0.2501684,左足先EX,左足首D,,,0.6601772,0.3398228,0,0,False,0,0,0,0,0,0,0,0,0
0.7790357,0.2983001,-1.070416,0.8998266,0.3975556,-0.1796151,左足先EX,左足首D,,,0.7116284,0.2883716,0,0,False,0,0,0,0,0,0,0,0,0
0.5136244,0.8139043,0.3200019,0.899712,-0.005104553,0.4364544,左足首D,左ひざD,,,0.6208509,0.3791491,0,0,False,0,0,0,0,0,0,0,0,0
0.1477317,0.2861391,-1.164534,-0.8443466,0.3939866,-0.3631161,左足先EX,左足首D,,,0.7223688,0.2776312,0,0,False,0,0,0,0,0,0,0,0,0
0.4439636,0.4776196,-1.114987,-0.0449107,0.9208536,-0.3873137,左足先EX,左足首D,,,0.6601772,0.3398228,0,0,False,0,0,0,0,0,0,0,0,0
0.3933114,0.4607516,-1.35638,-0.2821898,0.8286321,-0.4834645,左足先EX,左足首D,,,0.8954533,0.1045467,0,0,False,0,0,0,0,0,0,0,0,0
0.5860648,0.4536278,-1.32287,0.4390341,0.8067216,-0.3955368,左足先EX,左足首D,,,0.8880087,0.1119913,0,0,False,0,0,0,0,0,0,0,0,0
0.2779792,0.4352116,-1.280277,-0.6122115,0.6756538,-0.4107178,左足先EX,左足首D,,,0.8304682,0.1695318,0,0,False,0,0,0,0,0,0,0,0,0
0.2884843,0.3491118,-1.364718,-0.7024513,0.5026156,-0.5039243,左足先EX,左足首D,,,0.9532889,0.04671115,0,0,False,0,0,0,0,0,0,0,0,0
0.2163833,0.3212332,-1.299211,-0.7927386,0.4380158,-0.4239195,左足先EX,左足首D,,,0.9,0.1,0,0,False,0,0,0,0,0,0,0,0,0
0.681178,0.4317913,-1.209494,0.7443745,0.6165614,-0.2564349,左足先EX,左足首D,,,0.8128035,0.1871965,0,0,False,0,0,0,0,0,0,0,0,0
0.07968542,-0.1757693,-1.024873,-0.9085757,0.2990214,-0.2916791,左足先EX,左足首D,,,0.6048325,0.3951675,0,0,False,0,0,0,0,0,0,0,0,0
0.1458471,-0.1437184,-1.256401,-0.8410532,0.2899397,-0.4566888,左足先EX,左足首D,,,0.8618475,0.1381525,0,0,False,0,0,0,0,0,0,0,0,0
0.8281386,-0.1777971,-0.8671876,0.9587034,0.2825822,-0.03217243,左足首D,左足先EX,,,0.5241839,0.4758161,0,0,False,0,0,0,0,0,0,0,0,0
0.8286872,-0.1863716,-0.6584894,0.9674569,0.2304374,0.1045261,左足首D,左足先EX,,,0.7131077,0.2868923,0,0,False,0,0,0,0,0,0,0,0,0
0.7299039,-0.1863714,-0.4408511,0.9685837,0.1567219,0.1930903,左足首D,左足先EX,,,0.9154512,0.08454882,0,0,False,0,0,0,0,0,0,0,0,0
0.113577,0.8419727,0.2705533,-0.972838,0.05968475,0.2236602,左足首D,左ひざD,,,0.6045687,0.3954313,0,0,False,0,0,0,0,0,0,0,0,0
0.1712579,0.8604245,0.3716127,-0.8650605,0.05667349,0.4984561,左足首D,左ひざD,,,0.7,0.3,0,0,False,0,0,0,0,0,0,0,0,0
0.2613877,0.7052589,0.5062503,-0.2642234,0.05666531,0.9627954,左足首D,左ひざD,,,0.9049468,0.0950532,0,0,False,0,0,0,0,0,0,0,0,0
0.3992471,0.6910827,0.473608,0.2996556,0.03986334,0.9532143,左足首D,左ひざD,,,0.9050865,0.09491348,0,0,False,0,0,0,0,0,0,0,0,0
0.5091969,0.6675059,0.3624817,0.8190574,0.02129305,0.5733163,左足首D,左ひざD,,,0.9072241,0.09277588,0,0,False,0,0,0,0,0,0,0,0,0
0.5960588,0.8649614,-0.3105644,0.9469395,0.1496632,-0.2844407,左足首D,左ひざD,,,0.648151,0.351849,0,0,False,0,0,0,0,0,0,0,0,0
0.6208134,0.77755,-0.2159733,0.9920861,0.09609515,-0.08081386,左足首D,左ひざD,,,0.742824,0.257176,0,0,False,0,0,0,0,0,0,0,0,0
0.1106647,-0.1863706,-0.5448509,-1.369322E-06,-1,4.135144E-08,左足首D,左足先EX,,,0.8740072,0.1259928,0,0,False,0,0,0,0,0,0,0,0,0
0.5298045,1.012977,-0.3904272,0.7812693,0.2001129,-0.5912473,左ひざD,左足首D,,,0.5797538,0.4202463,0,0,False,0,0,0,0,0,0,0,0,0
0.4295943,1.049415,0.3541997,0.6133749,-0.009610028,0.7897334,左ひざD,左足首D,,,0.8437961,0.1562039,0,0,False,0,0,0,0,0,0,0,0,0
0.3015201,1.270641,0.371235,-0.4601773,0.02722636,0.8874096,左ひざD,左足首D,,,0.9663801,0.03361985,0,0,False,0,0,0,0,0,0,0,0,0
0.2900315,1.055482,0.3856895,-0.4553551,0.03795063,0.8895007,左ひざD,左足首D,,,0.8080695,0.1919305,0,0,False,0,0,0,0,0,0,0,0,0
0.3339384,1.147153,-0.3740685,-0.6061271,0.2154848,-0.7656215,左ひざD,左足首D,,,0.8820326,0.1179674,0,0,False,0,0,0,0,0,0,0,0,0
0.5662504,1.109677,-0.2555594,0.937885,0.08482817,-0.3364163,左ひざD,左足首D,,,0.8574395,0.1425605,0,0,False,0,0,0,0,0,0,0,0,0
0.5230755,1.126933,-0.3094108,0.8186119,0.1362012,-0.557964,左ひざD,左足首D,,,0.8783109,0.1216891,0,0,False,0,0,0,0,0,0,0,0,0
0.5650649,1.097181,-0.2601825,0.9368572,0.08945862,-0.338077,左ひざD,左足首D,,,0.8574395,0.1425605,0,0,False,0,0,0,0,0,0,0,0,0
0.5853549,1.070558,-0.1934233,0.98853,0.03093844,-0.1478221,左ひざD,左足首D,,,0.8254889,0.1745111,0,0,False,0,0,0,0,0,0,0,0,0
0.4688891,1.141403,-0.3525704,0.6029306,0.1999268,-0.7723367,左ひざD,左足首D,,,0.8832615,0.1167385,0,0,False,0,0,0,0,0,0,0,0,0
0.399456,1.149436,-0.3767764,-0.07808656,0.2693195,-0.9598799,左ひざD,左足首D,,,0.8834611,0.116539,0,0,False,0,0,0,0,0,0,0,0,0
0.2576692,0.9312865,-0.4285932,-0.7122813,0.2587497,-0.6524599,左足首D,左ひざD,,,0.6139552,0.3860448,0,0,False,0,0,0,0,0,0,0,0,0
0.2680085,1.304013,-0.2978423,-0.7914357,0.1093139,-0.6013983,左ひざD,左足首D,,,0.9658592,0.03414084,0,0,False,0,0,0,0,0,0,0,0,0
0.5313131,1.290338,-0.255652,0.8982384,0.038462,-0.4378224,左ひざD,左足首D,,,0.9645952,0.03540481,0,0,False,0,0,0,0,0,0,0,0,0
0.2798748,0.9727657,0.4410481,-0.2742154,0.03735305,0.9609426,左ひざD,左足首D,,,0.6083056,0.3916945,0,0,False,0,0,0,0,0,0,0,0,0
0.27671,0.8672423,0.4451703,-0.2722255,0.04250579,0.9612942,左足首D,左ひざD,,,0.7,0.3,0,0,False,0,0,0,0,0,0,0,0,0
0.2900315,1.055482,0.3856895,-0.4553551,0.03795063,0.8895007,左ひざD,左足首D,,,0.8080695,0.1919305,0,0,False,0,0,0,0,0,0,0,0,0
0.5291057,0.9283301,-0.3891003,0.8215342,0.1973801,-0.5349043,左足首D,左ひざD,,,0.58,0.42,0,0,False,0,0,0,0,0,0,0,0,0
0.5812132,1.267408,-0.1972061,0.9521718,0.02044615,-0.3048784,左ひざD,左足首D,,,0.9624351,0.03756493,0,0,False,0,0,0,0,0,0,0,0,0
0.1979848,1.283507,-0.255233,-0.8701791,0.09657252,-0.4831791,左ひざD,左足首D,,,0.9627387,0.03726131,0,0,False,0,0,0,0,0,0,0,0,0
0.1606762,1.091322,-0.2481315,-0.936914,0.105664,-0.3332077,左ひざD,左足首D,,,0.8678739,0.1321261,0,0,False,0,0,0,0,0,0,0,0,0
0.1996384,1.121259,-0.3054852,-0.8621075,0.1532543,-0.4829947,左ひざD,左足首D,,,0.8642924,0.1357076,0,0,False,0,0,0,0,0,0,0,0,0
0.1997479,1.110515,-0.3088131,0.4134752,0.273229,-0.8685529,左ひざD,左足首D,,,0.8673732,0.1326268,0,0,False,0,0,0,0,0,0,0,0,0
0.1996384,1.121259,-0.3054852,0.4134262,0.2734537,-0.8685057,左ひざD,左足首D,,,0.8642924,0.1357076,0,0,False,0,0,0,0,0,0,0,0,0
0.1801655,1.119258,-0.3153847,0.4133232,0.2739244,-0.8684062,左ひざD,左足首D,,,0.8657438,0.1342562,0,0,False,0,0,0,0,0,0,0,0,0
0.143506,1.278904,-0.2061673,-0.1499471,0.9655632,0.2126119,左ひざD,左足首D,,,0.96193,0.03807004,0,0,False,0,0,0,0,0,0,0,0,0
0.1781465,1.296459,-0.2603852,-0.1499472,0.9655632,0.2126119,左ひざD,左足首D,,,0.9647853,0.03521468,0,0,False,0,0,0,0,0,0,0,0,0
0.1978451,1.297212,-0.2509881,-0.1499472,0.9655632,0.2126119,左ひざD,左足首D,,,0.9651164,0.0348836,0,0,False,0,0,0,0,0,0,0,0,0
0.1587734,1.278019,-0.1903064,-0.1499472,0.9655632,0.2126119,左ひざD,左足首D,,,0.9620279,0.0379721,0,0,False,0,0,0,0,0,0,0,0,0
0.145525,1.101704,-0.2611668,-0.7132953,-0.2145537,0.6672155,左ひざD,左足首D,,,0.8678739,0.1321261,0,0,False,0,0,0,0,0,0,0,0,0
0.143506,1.278904,-0.2061673,-0.7132953,-0.2145537,0.6672155,左ひざD,左足首D,,,0.96193,0.03807004,0,0,False,0,0,0,0,0,0,0,0,0
0.1587734,1.278019,-0.1903064,-0.7132953,-0.2145537,0.6672155,左ひざD,左足首D,,,0.9620279,0.0379721,0,0,False,0,0,0,0,0,0,0,0,0
0.1606762,1.091322,-0.2481315,-0.7132953,-0.2145536,0.6672155,左ひざD,左足首D,,,0.8678739,0.1321261,0,0,False,0,0,0,0,0,0,0,0,0
0.1997479,1.110515,-0.3088131,-0.2366571,-0.8710582,-0.4304079,左ひざD,左足首D,,,0.8673732,0.1326268,0,0,False,0,0,0,0,0,0,0,0,0
0.1801655,1.119258,-0.3153847,-0.2366571,-0.8710582,-0.430408,左ひざD,左足首D,,,0.8657438,0.1342562,0,0,False,0,0,0,0,0,0,0,0,0
0.145525,1.101704,-0.2611668,-0.2366571,-0.8710582,-0.430408,左ひざD,左足首D,,,0.8678739,0.1321261,0,0,False,0,0,0,0,0,0,0,0,0
0.1606762,1.091322,-0.2481315,-0.2366571,-0.8710582,-0.4304079,左ひざD,左足首D,,,0.8678739,0.1321261,0,0,False,0,0,0,0,0,0,0,0,0
0.1801655,1.119258,-0.3153847,-0.8544191,0.1451142,-0.4989087,左ひざD,左足首D,,,0.8657438,0.1342562,0,0,False,0,0,0,0,0,0,0,0,0
0.1800583,1.128672,-0.3124628,-0.8544169,0.1451168,-0.4989117,左ひざD,左足首D,,,0.8634357,0.1365643,0,0,False,0,0,0,0,0,0,0,0,0
0.145525,1.101704,-0.2611668,-0.8544169,0.1451169,-0.4989119,左ひざD,左足首D,,,0.8678739,0.1321261,0,0,False,0,0,0,0,0,0,0,0,0
0.1979848,1.283507,-0.255233,0.4057123,0.274639,-0.8717632,左ひざD,左足首D,,,0.9627387,0.03726131,0,0,False,0,0,0,0,0,0,0,0,0
0.1978451,1.297212,-0.2509881,0.4054933,0.2742103,-0.872,左ひざD,左足首D,,,0.9651164,0.0348836,0,0,False,0,0,0,0,0,0,0,0,0
0.1781465,1.296459,-0.2603852,0.4058129,0.2748361,-0.8716542,左ひざD,左足首D,,,0.9647853,0.03521468,0,0,False,0,0,0,0,0,0,0,0,0
0.1800583,1.128672,-0.3124628,0.4132577,0.2742236,-0.868343,左ひざD,左足首D,,,0.8634357,0.1365643,0,0,False,0,0,0,0,0,0,0,0,0
-0.5812377,1.267411,-0.1972061,0.1656309,0.3559642,-0.9197043,右ひざD,右足首D,,,0.9624351,0.03756493,0,0,False,0,0,0,0,0,0,0,0,0
-0.5824107,1.279776,-0.1926315,0.1656318,0.3559677,-0.9197027,右ひざD,右足首D,,,0.964042,0.03595798,0,0,False,0,0,0,0,0,0,0,0,0
-0.6037624,1.275607,-0.1980902,0.1656301,0.3559614,-0.9197056,右ひざD,右足首D,,,0.9641916,0.03580846,0,0,False,0,0,0,0,0,0,0,0,0
-0.6217936,1.252198,-0.1374696,-0.2402123,0.9259436,0.2914214,右ひざD,右足首D,,,0.9606882,0.03931185,0,0,False,0,0,0,0,0,0,0,0,0
-0.6037624,1.275607,-0.1980902,-0.2402123,0.9259436,0.2914215,右ひざD,右足首D,,,0.9641916,0.03580846,0,0,False,0,0,0,0,0,0,0,0,0
-0.5824107,1.279776,-0.1926315,-0.2402123,0.9259436,0.2914214,右ひざD,右足首D,,,0.964042,0.03595798,0,0,False,0,0,0,0,0,0,0,0,0
-0.6027007,1.253154,-0.1258723,-0.2402123,0.9259436,0.2914214,右ひざD,右足首D,,,0.9606577,0.03934235,0,0,False,0,0,0,0,0,0,0,0,0
-0.6051599,1.076848,-0.202341,-0.4746802,-0.3446448,0.8098757,右ひざD,右足首D,,,0.830924,0.169076,0,0,False,0,0,0,0,0,0,0,0,0
-0.6217936,1.252198,-0.1374696,-0.4746803,-0.3446448,0.8098758,右ひざD,右足首D,,,0.9606882,0.03931185,0,0,False,0,0,0,0,0,0,0,0,0
-0.6027007,1.253154,-0.1258723,-0.4746803,-0.3446448,0.8098758,右ひざD,右足首D,,,0.9606577,0.03934235,0,0,False,0,0,0,0,0,0,0,0,0
-0.58538,1.070561,-0.1934232,-0.4746802,-0.3446448,0.8098758,右ひざD,右足首D,,,0.8254889,0.1745111,0,0,False,0,0,0,0,0,0,0,0,0
-0.5650899,1.097183,-0.2601824,-0.09633274,-0.916246,-0.3888614,右ひざD,右足首D,,,0.8574395,0.1425605,0,0,False,0,0,0,0,0,0,0,0,0
-0.5871288,1.100257,-0.2629616,-0.09633274,-0.9162461,-0.3888614,右ひざD,右足首D,,,0.8574395,0.1425605,0,0,False,0,0,0,0,0,0,0,0,0
-0.6051599,1.076848,-0.202341,-0.09633274,-0.9162461,-0.3888614,右ひざD,右足首D,,,0.830924,0.169076,0,0,False,0,0,0,0,0,0,0,0,0
-0.58538,1.070561,-0.1934232,-0.09633274,-0.9162461,-0.3888614,右ひざD,右足首D,,,0.8254889,0.1745111,0,0,False,0,0,0,0,0,0,0,0,0
-0.6217936,1.252198,-0.1374696,-0.9597552,0.0127478,-0.280549,右ひざD,右足首D,,,0.9606882,0.03931185,0,0,False,0,0,0,0,0,0,0,0,0
-0.6023946,1.261188,-0.2034247,-0.9597552,0.01274781,-0.280549,右ひざD,右足首D,,,0.9608591,0.03914086,0,0,False,0,0,0,0,0,0,0,0,0
-0.6037624,1.275607,-0.1980902,-0.9597552,0.01274828,-0.2805483,右ひざD,右足首D,,,0.9641916,0.03580846,0,0,False,0,0,0,0,0,0,0,0,0
-0.5662754,1.10968,-0.2555593,0.165629,0.3559628,-0.9197052,右ひざD,右足首D,,,0.8574395,0.1425605,0,0,False,0,0,0,0,0,0,0,0,0
-0.5886506,1.116301,-0.2570262,0.1656289,0.3559605,-0.919706,右ひざD,右足首D,,,0.8574395,0.1425605,0,0,False,0,0,0,0,0,0,0,0,0
-0.5871288,1.100257,-0.2629616,0.165629,0.3559616,-0.9197056,右ひざD,右足首D,,,0.8574395,0.1425605,0,0,False,0,0,0,0,0,0,0,0,0
-0.5650899,1.097183,-0.2601824,0.1656291,0.3559647,-0.9197045,右ひざD,右足首D,,,0.8574395,0.1425605,0,0,False,0,0,0,0,0,0,0,0,0
-0.4791024,1.309168,-0.3255403,-0.4987461,0.2704379,-0.8234778,右ひざD,右足首D,,,0.9678258,0.03217425,0,0,False,0,0,0,0,0,0,0,0,0
-0.5464384,1.289716,-0.2742811,-0.7411754,0.1939312,-0.6426896,右ひざD,右足首D,,,0.9643983,0.03560173,0,0,False,0,0,0,0,0,0,0,0,0
-0.537668,1.142692,-0.3320877,-0.7343197,0.1974794,-0.6494431,右ひざD,右足首D,,,0.8783109,0.1216891,0,0,False,0,0,0,0,0,0,0,0,0
-0.4801969,1.156617,-0.3742957,-0.5014945,0.2700258,-0.8219424,右ひざD,右足首D,,,0.8832615,0.1167385,0,0,False,0,0,0,0,0,0,0,0,0
-0.3304729,1.315256,-0.3450111,0.2598321,0.3080114,-0.9152138,右ひざD,右足首D,,,0.9671943,0.03280569,0,0,False,0,0,0,0,0,0,0,0,0
-0.4056648,1.318878,-0.3530957,-0.1467364,0.30844,-0.9398581,右ひざD,右足首D,,,0.9684732,0.0315268,0,0,False,0,0,0,0,0,0,0,0,0
-0.4046108,1.165405,-0.4034057,-0.142915,0.3086731,-0.9403703,右ひざD,右足首D,,,0.8834611,0.116539,0,0,False,0,0,0,0,0,0,0,0,0
-0.3332399,1.162438,-0.3968012,0.2603667,0.3079772,-0.9150733,右ひざD,右足首D,,,0.8820326,0.1179674,0,0,False,0,0,0,0,0,0,0,0,0
-0.2609299,1.30323,-0.3155953,0.4997102,0.2734276,-0.8219045,右ひざD,右足首D,,,0.9655612,0.03443887,0,0,False,0,0,0,0,0,0,0,0,0
-0.2617885,1.150656,-0.3694771,0.5026295,0.272709,-0.8203618,右ひざD,右足首D,,,0.8758679,0.1241321,0,0,False,0,0,0,0,0,0,0,0,0
-0.4005939,1.315271,-0.3220619,-0.0264535,0.994528,0.1010667,右ひざD,右足首D,,,0.9679496,0.03205042,0,0,False,0,0,0,0,0,0,0,0,0
-0.4677903,1.307971,-0.3015763,-0.1323677,0.9840626,0.1187416,右ひざD,右足首D,,,0.9670956,0.03290442,0,0,False,0,0,0,0,0,0,0,0,0
-0.4791024,1.309168,-0.3255403,-0.1291881,0.9845436,0.118256,右ひざD,右足首D,,,0.9678258,0.03217425,0,0,False,0,0,0,0,0,0,0,0,0
-0.4056648,1.318878,-0.3530957,-0.02865581,0.9944265,0.1014636,右ひざD,右足首D,,,0.9684732,0.0315268,0,0,False,0,0,0,0,0,0,0,0,0
-0.5812377,1.267411,-0.1972061,-0.2804509,0.9484155,0.1478358,右ひざD,右足首D,,,0.9624351,0.03756493,0,0,False,0,0,0,0,0,0,0,0,0
-0.6023946,1.261188,-0.2034247,-0.2804509,0.9484155,0.1478358,右ひざD,右足首D,,,0.9608591,0.03914086,0,0,False,0,0,0,0,0,0,0,0,0
-0.5464384,1.289716,-0.2742811,-0.2270467,0.9643148,0.1361869,右ひざD,右足首D,,,0.9643983,0.03560173,0,0,False,0,0,0,0,0,0,0,0,0
-0.5313376,1.290341,-0.255652,-0.2314301,0.963135,0.1371536,右ひざD,右足首D,,,0.9645952,0.03540481,0,0,False,0,0,0,0,0,0,0,0,0
-0.3994809,1.149438,-0.3767763,-0.0470078,-0.8489673,-0.5263506,右ひざD,右足首D,,,0.8834611,0.116539,0,0,False,0,0,0,0,0,0,0,0,0
-0.4046108,1.165405,-0.4034057,-0.0485168,-0.8490571,-0.5260686,右ひざD,右足首D,,,0.8834611,0.116539,0,0,False,0,0,0,0,0,0,0,0,0
-0.4801969,1.156617,-0.3742957,-0.1238309,-0.8516419,-0.509286,右ひざD,右足首D,,,0.8832615,0.1167385,0,0,False,0,0,0,0,0,0,0,0,0
-0.468914,1.141405,-0.3525704,-0.1284586,-0.8516889,-0.5080597,右ひざD,右足首D,,,0.8832615,0.1167385,0,0,False,0,0,0,0,0,0,0,0,0
-0.537668,1.142692,-0.3320877,-0.1871896,-0.8558058,-0.4822412,右ひざD,右足首D,,,0.8783109,0.1216891,0,0,False,0,0,0,0,0,0,0,0,0
-0.5231004,1.126935,-0.3094108,-0.1992324,-0.8578693,-0.4736736,右ひざD,右足首D,,,0.8783109,0.1216891,0,0,False,0,0,0,0,0,0,0,0,0
-0.5886506,1.116301,-0.2570262,-0.224207,-0.8615586,-0.4554649,右ひざD,右足首D,,,0.8574395,0.1425605,0,0,False,0,0,0,0,0,0,0,0,0
-0.5662754,1.10968,-0.2555593,-0.224207,-0.8615584,-0.4554649,右ひざD,右足首D,,,0.8574395,0.1425605,0,0,False,0,0,0,0,0,0,0,0,0
-0.3339633,1.147155,-0.3740685,0.03959396,-0.8272586,-0.5604244,右ひざD,右足首D,,,0.8820326,0.1179674,0,0,False,0,0,0,0,0,0,0,0,0
-0.3332399,1.162438,-0.3968012,0.03115923,-0.8315749,-0.554538,右ひざD,右足首D,,,0.8820326,0.1179674,0,0,False,0,0,0,0,0,0,0,0,0
-0.2617885,1.150656,-0.3694771,0.1234192,-0.8156385,-0.5652447,右ひざD,右足首D,,,0.8758679,0.1241321,0,0,False,0,0,0,0,0,0,0,0,0
-0.1996634,1.121261,-0.3054852,0.1707567,-0.8219609,-0.5433438,右ひざD,右足首D,,,0.8642924,0.1357076,0,0,False,0,0,0,0,0,0,0,0,0
-0.1800485,1.128658,-0.3124266,0.1707567,-0.821961,-0.5433438,右ひざD,右足首D,,,0.8634357,0.1365643,0,0,False,0,0,0,0,0,0,0,0,0
-0.2691664,1.13929,-0.3565174,0.1274697,-0.8162655,-0.5634378,右ひざD,右足首D,,,0.8758679,0.1241321,0,0,False,0,0,0,0,0,0,0,0,0
-0.3304729,1.315256,-0.3450111,0.06781173,0.9948691,0.07508061,右ひざD,右足首D,,,0.9671943,0.03280569,0,0,False,0,0,0,0,0,0,0,0,0
-0.3295198,1.313541,-0.3196518,0.08691798,0.993952,0.06711671,右ひざD,右足首D,,,0.967185,0.03281502,0,0,False,0,0,0,0,0,0,0,0,0
-0.2609299,1.30323,-0.3155953,0.196352,0.9791398,0.05226225,右ひざD,右足首D,,,0.9655612,0.03443887,0,0,False,0,0,0,0,0,0,0,0,0
-0.178366,1.27935,-0.2656958,0.2440487,0.9677915,0.06180519,右ひざD,右足首D,,,0.9618173,0.03818274,0,0,False,0,0,0,0,0,0,0,0,0
-0.1980094,1.283508,-0.255233,0.2440487,0.9677915,0.0618052,右ひざD,右足首D,,,0.9627387,0.03726131,0,0,False,0,0,0,0,0,0,0,0,0
-0.268033,1.304015,-0.2978423,0.2005106,0.9782517,0.05309557,右ひざD,右足首D,,,0.9658592,0.03414084,0,0,False,0,0,0,0,0,0,0,0,0
-0.5886506,1.116301,-0.2570262,-0.82333,0.1458367,-0.5485067,右ひざD,右足首D,,,0.8574395,0.1425605,0,0,False,0,0,0,0,0,0,0,0,0
-0.6023946,1.261188,-0.2034247,-0.8233299,0.1458366,-0.5485067,右ひざD,右足首D,,,0.9608591,0.03914086,0,0,False,0,0,0,0,0,0,0,0,0
-0.4678506,0.3385542,0.4019657,-0.8635545,0.03617484,0.5029562,右足首D,右ひざD,,,0.9841752,0.01582479,0,0,False,0,0,0,0,0,0,0,0,0
-0.534185,0.3300397,0.2475235,-0.9751585,0.03586363,0.2185856,右足首D,右ひざD,,,0.9827441,0.0172559,0,0,False,0,0,0,0,0,0,0,0,0
-0.07673869,0.3385536,0.3370833,0.915848,0.0625665,0.3966207,右足首D,右ひざD,,,0.9830207,0.01697934,0,0,False,0,0,0,0,0,0,0,0,0
-0.08056165,0.2853719,0.01092976,0.05280865,-0.9566363,0.2864583,右足首D,,,,1,0,0,0,False,0,0,0,0,0,0,0,0,0
-0.5644732,0.3214844,0.09913506,-0.9927469,0.05192837,0.1084293,右足首D,右ひざD,,,0.9884797,0.01152033,0,0,False,0,0,0,0,0,0,0,0,0
-0.1106933,-0.18637,-0.5448509,0.142206,-0.5237629,0.8399106,右足首D,右足先EX,,,0.8740072,0.1259928,0,0,False,0,0,0,0,0,0,0,0,0
-0.7299324,-0.1863692,-0.4408511,0.142206,-0.5237629,0.8399106,右足首D,右足先EX,,,0.9154512,0.08454882,0,0,False,0,0,0,0,0,0,0,0,0
-0.133134,0.342774,0.4626704,0.7124526,0.0654278,0.6986634,右足首D,右ひざD,,,0.9865702,0.01342976,0,0,False,0,0,0,0,0,0,0,0,0
-0.3674083,0.3427744,0.5035225,-0.2316175,0.05759652,0.9711004,右足首D,右ひざD,,,0.986719,0.01328105,0,0,False,0,0,0,0,0,0,0,0,0
-0.04536142,-0.1863701,-0.7999822,0.9773716,0.2109477,-0.01568112,右足首D,右足先EX,,,0.6653493,0.3346507,0,0,False,0,0,0,0,0,0,0,0,0
-0.1106933,-0.18637,-0.5448509,0.986805,0.1426162,0.07665937,右足首D,右足先EX,,,0.8740072,0.1259928,0,0,False,0,0,0,0,0,0,0,0,0
-0.04536142,-0.1863701,-0.7999822,-0.005077683,-0.9995921,-0.02810401,右足首D,右足先EX,,,0.6653493,0.3346507,0,0,False,0,0,0,0,0,0,0,0,0
-0.8287158,-0.186369,-0.6584894,-0.003097101,-0.9997919,-0.02016559,右足首D,右足先EX,,,0.7131077,0.2868923,0,0,False,0,0,0,0,0,0,0,0,0
-0.7299324,-0.1863692,-0.4408511,-1.41712E-06,-1,3.286226E-08,右足首D,右足先EX,,,0.9154512,0.08454882,0,0,False,0,0,0,0,0,0,0,0,0
-0.8291239,0.1045337,-0.659298,-0.9741964,0.2229914,-0.03487511,右足首D,右足先EX,,,0.7933509,0.2066491,0,0,False,0,0,0,0,0,0,0,0,0
-0.8099468,0.1189751,-0.6663557,-0.9715499,0.2316315,-0.04937194,右足首D,右足先EX,,,0.7974229,0.2025771,0,0,False,0,0,0,0,0,0,0,0,0
-0.14391,0.1422773,-1.23681,0.913902,0.2869053,-0.2871732,右足先EX,右足首D,,,0.9013698,0.09863019,0,0,False,0,0,0,0,0,0,0,0,0
-0.08080337,0.1102693,-1.006787,0.9443212,0.2802044,-0.1724614,右足首D,右足先EX,,,0.5201527,0.4798473,0,0,False,0,0,0,0,0,0,0,0,0
-0.1016095,0.1246286,-1.013925,0.9419875,0.2837977,-0.1792163,右足首D,右足先EX,,,0.5077896,0.4922104,0,0,False,0,0,0,0,0,0,0,0,0
-0.1657637,0.1566366,-1.231516,0.9125234,0.2901522,-0.2882928,右足先EX,右足首D,,,0.893258,0.106742,0,0,False,0,0,0,0,0,0,0,0,0
-0.07971398,-0.1757689,-1.024873,-0.01650728,-0.9959397,-0.08849585,右足先EX,右足首D,,,0.6048325,0.3951675,0,0,False,0,0,0,0,0,0,0,0,0
-0.7859313,0.1427608,-1.07505,-0.9279139,0.2910315,-0.2329731,右足先EX,右足首D,,,0.8458943,0.1541057,0,0,False,0,0,0,0,0,0,0,0,0
-0.8091983,0.1246296,-0.8702756,-0.9495924,0.275921,-0.1488013,右足首D,右足先EX,,,0.5106925,0.4893076,0,0,False,0,0,0,0,0,0,0,0,0
-0.8288555,0.1102704,-0.8620663,-0.9541065,0.2684399,-0.1327434,右足首D,右足先EX,,,0.5106925,0.4893076,0,0,False,0,0,0,0,0,0,0,0,0
-0.2314251,0.1931618,-1.35128,0.8742297,0.3010758,-0.3808881,右足先EX,右足首D,,,0.9839006,0.01609939,0,0,False,0,0,0,0,0,0,0,0,0
-0.04638705,0.1045326,-0.7947838,0.9667003,0.2468759,-0.06740084,右足首D,右足先EX,,,0.7535833,0.2464167,0,0,False,0,0,0,0,0,0,0,0,0
-0.06856015,0.118974,-0.7975154,0.9650632,0.2511621,-0.07463772,右足首D,右足先EX,,,0.7605101,0.2394899,0,0,False,0,0,0,0,0,0,0,0,0
-0.8281671,-0.1777947,-0.8671877,-0.01039081,-0.9973507,-0.07199768,右足首D,右足先EX,,,0.5241839,0.4758161,0,0,False,0,0,0,0,0,0,0,0,0
-0.7427932,0.3076134,-0.4862972,-0.976604,0.2091758,-0.04990006,右足首D,右足先EX,右ひざD,下半身,0.9358349,0.06088589,0.003279159,0,False,0,0,0,0,0,0,0,0,0
-0.1485877,0.6541988,-0.505302,0.9273382,0.2857766,-0.2416105,右足首D,右ひざD,,,0.923279,0.07672095,0,0,False,0,0,0,0,0,0,0,0,0
-0.1706651,0.5506253,-0.6807411,0.884618,0.4014125,-0.237316,右足首D,右足先EX,右ひざD,下半身,0.9140126,0.05686797,0.02911942,0,False,0,0,0,0,0,0,0,0,0
-0.1115278,0.4614329,-0.6440368,0.9411988,0.3037056,-0.1480124,右足首D,右足先EX,右ひざD,下半身,0.9220777,0.05782053,0.0201018,0,False,0,0,0,0,0,0,0,0,0
-0.1100339,0.5419507,-0.437227,0.968798,0.2175131,-0.1188208,右足首D,右ひざD,,,0.942229,0.05777103,0,0,False,0,0,0,0,0,0,0,0,0
-0.2558971,0.7528688,-0.5567133,0.7928267,0.3991455,-0.4605526,右足首D,右ひざD,,,0.85929,0.14071,0,0,False,0,0,0,0,0,0,0,0,0
-0.6072015,1.034553,-0.09871113,-0.9898808,0.008339817,-0.1416563,右ひざD,右足首D,,,0.7499803,0.2500197,0,0,False,0,0,0,0,0,0,0,0,0
-0.6091997,1.02533,0.07173102,-0.9998471,-0.01669577,-0.005208891,右ひざD,右足首D,,,0.7481699,0.2518301,0,0,False,0,0,0,0,0,0,0,0,0
-0.6185623,0.8617651,0.08714285,-0.9998153,-0.001166643,0.01918146,右足首D,右ひざD,,,0.5033193,0.4966807,0,0,False,0,0,0,0,0,0,0,0,0
-0.5511752,1.030406,0.2349969,-0.9800896,-0.02581193,0.1968709,右ひざD,右足首D,,,0.7690538,0.2309462,0,0,False,0,0,0,0,0,0,0,0,0
-0.5634843,0.6429734,0.2381253,-0.9817199,0.01846178,0.1894345,右足首D,右ひざD,,,0.8457883,0.1542117,0,0,False,0,0,0,0,0,0,0,0,0
-0.6046016,0.5364028,0.04574214,-0.9977272,0.05480655,0.03919953,右足首D,右ひざD,,,0.9197124,0.08028758,0,0,False,0,0,0,0,0,0,0,0,0
-0.627346,0.726932,0.09885585,-0.9983985,0.01677361,0.05403081,右足首D,右ひざD,,,0.7351934,0.2648066,0,0,False,0,0,0,0,0,0,0,0,0
-0.6299023,0.6716383,-0.1031536,-0.9974413,0.05650393,-0.04379733,右足首D,右ひざD,,,0.8311227,0.1688773,0,0,False,0,0,0,0,0,0,0,0,0
-0.09133795,0.846364,-0.166988,0.9913613,0.09559958,-0.08979727,右足首D,右ひざD,,,0.6063749,0.3936251,0,0,False,0,0,0,0,0,0,0,0,0
-0.08534818,1.05098,-0.006642869,0.9985339,0.05060795,-0.01920616,右ひざD,右足首D,,,0.8249152,0.1750848,0,0,False,0,0,0,0,0,0,0,0,0
-0.1269085,1.06115,-0.1762627,0.9846857,0.0759596,-0.1569208,右ひざD,右足首D,,,0.8613636,0.1386364,0,0,False,0,0,0,0,0,0,0,0,0
-0.06366409,0.8443577,0.0008033841,0.9977003,0.06722682,0.008639502,右足首D,右ひざD,,,0.5492471,0.4507529,0,0,False,0,0,0,0,0,0,0,0,0
-0.09841253,1.047092,0.1703758,0.9914863,0.03974397,0.1239974,右ひざD,右足首D,,,0.8301342,0.1698658,0,0,False,0,0,0,0,0,0,0,0,0
-0.07808147,0.8434285,0.137516,0.9925326,0.05565187,0.1085446,右足首D,右ひざD,,,0.5769901,0.4230099,0,0,False,0,0,0,0,0,0,0,0,0
-0.03598152,0.6490139,0.02010383,0.99568,0.08412138,0.03930926,右足首D,右ひざD,,,0.85,0.15,0,0,False,0,0,0,0,0,0,0,0,0
-0.06357178,0.6639765,0.1565887,0.9895016,0.06957817,0.1266706,右足首D,右ひざD,,,0.8850994,0.1149006,0,0,False,0,0,0,0,0,0,0,0,0
-0.1047747,0.7432607,-0.264466,0.9825681,0.1381578,-0.1243888,右足首D,右ひざD,,,0.8,0.2,0,0,False,0,0,0,0,0,0,0,0,0
-0.1615241,0.8445935,-0.3541389,0.9438468,0.1803962,-0.276786,右足首D,右ひざD,,,0.7412499,0.2587501,0,0,False,0,0,0,0,0,0,0,0,0
-0.6267566,0.8396987,-0.09871057,-0.9949928,0.03203796,-0.09467258,右足首D,右ひざD,,,0.5906743,0.4093257,0,0,False,0,0,0,0,0,0,0,0,0
-0.606501,0.9368725,-0.2554941,-0.9758292,0.06894162,-0.2073749,右ひざD,右足首D,,,0.5124446,0.4875554,0,0,False,0,0,0,0,0,0,0,0,0
-0.1629515,0.9668669,-0.3370172,0.9406363,0.1581252,-0.3003332,右ひざD,右足首D,,,0.5716945,0.4283055,0,0,False,0,0,0,0,0,0,0,0,0
-0.6640952,0.5310447,-0.3456247,-0.9798281,0.1642359,-0.1138576,右足首D,右ひざD,,,0.9526439,0.04735607,0,0,False,0,0,0,0,0,0,0,0,0
-0.6731092,0.3906718,-0.2594803,-0.9902703,0.1360005,-0.02947733,右足首D,右ひざD,,,0.9899322,0.01006776,0,0,False,0,0,0,0,0,0,0,0,0
-0.4919343,0.4941556,0.3953458,-0.8753431,0.03547614,0.4821993,右足首D,右ひざD,,,0.9420591,0.0579409,0,0,False,0,0,0,0,0,0,0,0,0
-0.09178102,0.6830046,0.3049087,0.9507282,0.0632619,0.303503,右足首D,右ひざD,,,0.9037624,0.0962376,0,0,False,0,0,0,0,0,0,0,0,0
-0.6294038,0.470712,-0.09143396,-0.9963242,0.08563329,-0.002261294,右足首D,右ひざD,,,0.9369484,0.06305164,0,0,False,0,0,0,0,0,0,0,0,0
-0.5737165,0.4784382,0.1652042,-0.9919149,0.04093394,0.1201219,右足首D,右ひざD,,,0.9432157,0.05678433,0,0,False,0,0,0,0,0,0,0,0,0
-0.3799667,0.505102,0.5076252,-0.3875859,0.0551176,0.9201843,右足首D,右ひざD,,,0.9402839,0.05971611,0,0,False,0,0,0,0,0,0,0,0,0
-0.2478049,0.5140176,0.5400726,0.1974869,0.06964608,0.9778284,右足首D,右ひざD,,,0.9414101,0.05858994,0,0,False,0,0,0,0,0,0,0,0,0
-0.1330139,0.5122085,0.4626931,0.7124997,0.0751773,0.6976336,右足首D,右ひざD,,,0.9384601,0.06153989,0,0,False,0,0,0,0,0,0,0,0,0
-0.7953852,0.2702798,-0.7213838,-0.9541005,0.2799931,-0.1062827,右足首D,右足先EX,,,0.7539884,0.2460116,0,0,False,0,0,0,0,0,0,0,0,0
-0.06811494,0.252228,-0.8298489,0.949747,0.2913814,-0.114357,右足首D,右足先EX,,,0.7772332,0.2227668,0,0,False,0,0,0,0,0,0,0,0,0
-0.1381803,0.4020186,-0.8634591,0.8988802,0.3960437,-0.1875202,右足首D,右足先EX,,,0.775,0.225,0,0,False,0,0,0,0,0,0,0,0,0
-0.7323219,0.3971359,-0.7779829,-0.9127577,0.3650646,-0.183307,右足首D,右足先EX,,,0.7348497,0.2651503,0,0,False,0,0,0,0,0,0,0,0,0
-0.6542192,0.5369151,-0.6147752,-0.8992053,0.3626091,-0.2448355,右足首D,右足先EX,右ひざD,下半身,0.9199146,0.05338358,0.02670183,0,False,0,0,0,0,0,0,0,0,0
-0.7099136,0.4552886,-0.5652331,-0.953972,0.2606479,-0.1483242,右足首D,右足先EX,右ひざD,下半身,0.920419,0.0585953,0.02098572,0,False,0,0,0,0,0,0,0,0,0
-0.6028055,0.4696544,-0.8263201,-0.8025815,0.5251648,-0.2829577,右足首D,右足先EX,,,0.7250642,0.2749359,0,0,False,0,0,0,0,0,0,0,0,0
-0.7999663,0.2720974,-0.9094197,-0.9311231,0.3195384,-0.1757984,右足首D,右足先EX,,,0.5421252,0.4578747,0,0,False,0,0,0,0,0,0,0,0,0
-0.7252418,0.4090392,-1.047042,-0.8583068,0.4575761,-0.2322361,右足先EX,右足首D,,,0.6462121,0.3537879,0,0,False,0,0,0,0,0,0,0,0,0
-0.09660728,0.2583115,-1.012768,0.9283386,0.3243956,-0.1815352,右足首D,右足先EX,,,0.5594233,0.4405767,0,0,False,0,0,0,0,0,0,0,0,0
-0.1894321,0.402778,-1.108108,0.84754,0.4763503,-0.2340222,右足先EX,右足首D,,,0.6462121,0.3537879,0,0,False,0,0,0,0,0,0,0,0,0
-0.2755561,0.4743549,-0.8685297,0.7309682,0.6086368,-0.3086205,右足首D,右足先EX,,,0.7519375,0.2480625,0,0,False,0,0,0,0,0,0,0,0,0
-0.2607808,0.595967,-0.6936476,0.7879381,0.4856639,-0.3785288,右足首D,右足先EX,右ひざD,下半身,0.9157524,0.05422989,0.03001769,0,False,0,0,0,0,0,0,0,0,0
-0.4196304,0.6286523,-0.6965772,0.1282017,0.7209359,-0.6810402,右足首D,右足先EX,右ひざD,下半身,0.9190412,0.05051555,0.03044329,0,False,0,0,0,0,0,0,0,0,0
-0.4327855,0.4972812,-0.8551177,0.1092288,0.8810083,-0.460319,右足首D,右足先EX,,,0.75,0.25,0,0,False,0,0,0,0,0,0,0,0,0
-0.299997,0.4551627,-1.118912,0.6579841,0.6973604,-0.2841572,右足先EX,右足首D,,,0.6601772,0.3398228,0,0,False,0,0,0,0,0,0,0,0,0
-0.2478049,0.5140176,0.5400726,0.1974869,0.06964608,0.9778284,右足首D,右ひざD,,,0.9414101,0.05858994,0,0,False,0,0,0,0,0,0,0,0,0
-0.2418576,0.3480213,0.5351263,0.2066632,0.06475886,0.9762667,右足首D,右ひざD,,,0.985921,0.01407903,0,0,False,0,0,0,0,0,0,0,0,0
-0.2387144,0.3395874,0.5573053,0.2010099,0.06435619,0.977473,右足首D,右ひざD,,,0.9883923,0.01160771,0,0,False,0,0,0,0,0,0,0,0,0
-0.2418576,0.3480213,0.5351263,0.2066632,0.06475886,0.9762667,右足首D,右ひざD,,,0.985921,0.01407903,0,0,False,0,0,0,0,0,0,0,0,0
-0.2632453,1.028324,-0.4338541,0.7796606,0.2295659,-0.5826052,右ひざD,右足首D,,,0.5829918,0.4170082,0,0,False,0,0,0,0,0,0,0,0,0
-0.199773,1.110516,-0.3088131,0.9281265,0.1367051,-0.3462557,右ひざD,右足首D,,,0.8673732,0.1326268,0,0,False,0,0,0,0,0,0,0,0,0
-0.2691664,1.13929,-0.3565174,0.810965,0.1782904,-0.5572686,右ひざD,右足首D,,,0.8758679,0.1241321,0,0,False,0,0,0,0,0,0,0,0,0
-0.1637594,0.9662513,0.3637429,0.8650316,0.04447155,0.4997425,右ひざD,右足首D,,,0.6083056,0.3916945,0,0,False,0,0,0,0,0,0,0,0,0
-0.1768721,1.053163,0.313608,0.9000461,0.03892161,0.4340532,右ひざD,右足首D,,,0.8437961,0.1562039,0,0,False,0,0,0,0,0,0,0,0,0
-0.06949542,0.6343424,-0.1574776,0.993206,0.1122195,-0.03079917,右足首D,右ひざD,,,0.9,0.1,0,0,False,0,0,0,0,0,0,0,0,0
-0.6027007,1.253154,-0.1258723,-0.9799459,-0.01254749,-0.1988684,右ひざD,右足首D,,,0.9606577,0.03934235,0,0,False,0,0,0,0,0,0,0,0,0
-0.4677903,1.307971,-0.3015763,-0.5785193,0.1109744,-0.8080842,右ひざD,右足首D,,,0.9670956,0.03290442,0,0,False,0,0,0,0,0,0,0,0,0
-0.2614138,0.70526,0.5062505,0.1993116,0.0564001,0.9783118,右足首D,右ひざD,,,0.9049468,0.0950532,0,0,False,0,0,0,0,0,0,0,0,0
-0.1476742,0.6987475,0.4262289,0.74577,0.06377731,0.6631438,右足首D,右ひざD,,,0.904922,0.09507799,0,0,False,0,0,0,0,0,0,0,0,0
-0.2767357,0.8672435,0.4451704,0.2088071,0.04222839,0.9770447,右足首D,右ひざD,,,0.7,0.3,0,0,False,0,0,0,0,0,0,0,0,0
-0.4157003,0.8495806,0.4150099,-0.51959,0.0173856,0.8542389,右足首D,右ひざD,,,0.7,0.3,0,0,False,0,0,0,0,0,0,0,0,0
-0.4278315,0.9580643,0.4066777,-0.6950371,9.70558E-05,0.7189738,右ひざD,右足首D,,,0.6083056,0.3916945,0,0,False,0,0,0,0,0,0,0,0,0
-0.2799002,0.9727671,0.4410481,0.2111854,0.03711246,0.9767413,右ひざD,右足首D,,,0.6083056,0.3916945,0,0,False,0,0,0,0,0,0,0,0,0
-0.4046116,1.049487,-0.457467,0.1592147,0.3291696,-0.9307514,右ひざD,右足首D,,,0.6076424,0.3923576,0,0,False,0,0,0,0,0,0,0,0,0
-0.401578,0.9571739,-0.4422644,0.1959838,0.3357714,-0.9213294,右足首D,右ひざD,,,0.577149,0.422851,0,0,False,0,0,0,0,0,0,0,0,0
-0.4085087,0.787952,-0.5629997,0.1669623,0.594844,-0.7863105,右足首D,右ひざD,,,0.85,0.15,0,0,False,0,0,0,0,0,0,0,0,0
-0.5519588,0.7443762,-0.5058933,-0.8071523,0.3533475,-0.4729173,右足首D,右ひざD,,,0.85929,0.14071,0,0,False,0,0,0,0,0,0,0,0,0
-0.6048213,0.454133,-1.088374,-0.6535403,0.6993865,-0.2893851,右足先EX,右足首D,,,0.6601772,0.3398228,0,0,False,0,0,0,0,0,0,0,0,0
-0.779063,0.2983025,-1.070417,-0.9085871,0.3474846,-0.2317841,右足先EX,右足首D,,,0.7116284,0.2883716,0,0,False,0,0,0,0,0,0,0,0,0
-0.5136503,0.8139063,0.320002,-0.9540748,-0.004345688,0.299537,右足首D,右ひざD,,,0.6208509,0.3791491,0,0,False,0,0,0,0,0,0,0,0,0
-0.147759,0.2861397,-1.164534,0.9062049,0.3446891,-0.2449127,右足先EX,右足首D,,,0.7223688,0.2776312,0,0,False,0,0,0,0,0,0,0,0,0
-0.4439904,0.4776211,-1.114987,0.0959837,0.9197714,-0.380536,右足先EX,右足首D,,,0.6601772,0.3398228,0,0,False,0,0,0,0,0,0,0,0,0
-0.3933381,0.4607529,-1.356381,0.3767382,0.8123641,-0.4451212,右足先EX,右足首D,,,0.8954533,0.1045467,0,0,False,0,0,0,0,0,0,0,0,0
-0.5860916,0.4536296,-1.32287,-0.454232,0.7842311,-0.4226758,右足先EX,右足首D,,,0.8880087,0.1119913,0,0,False,0,0,0,0,0,0,0,0,0
-0.2885113,0.3491127,-1.364718,0.7993924,0.4556697,-0.3915826,右足先EX,右足首D,,,0.9532889,0.04671115,0,0,False,0,0,0,0,0,0,0,0,0
-0.2780061,0.4352126,-1.280277,0.7083647,0.6275823,-0.323048,右足先EX,右足首D,,,0.8304682,0.1695318,0,0,False,0,0,0,0,0,0,0,0,0
-0.2164105,0.321234,-1.299211,0.8691593,0.3887894,-0.3056221,右足先EX,右足首D,,,0.9,0.1,0,0,False,0,0,0,0,0,0,0,0,0
-0.5512126,0.4829009,0.2551456,-0.9765992,0.0323742,0.2126173,右足首D,右ひざD,,,0.9402807,0.05971932,0,0,False,0,0,0,0,0,0,0,0,0
-0.6812049,0.4317934,-1.209494,-0.7714277,0.5625237,-0.297433,右足先EX,右足首D,,,0.8128035,0.1871965,0,0,False,0,0,0,0,0,0,0,0,0
-0.07971398,-0.1757689,-1.024873,0.9501985,0.2576085,-0.1753875,右足先EX,右足首D,,,0.6048325,0.3951675,0,0,False,0,0,0,0,0,0,0,0,0
-0.1458756,-0.1437178,-1.256401,0.9103123,0.2530137,-0.3275907,右足先EX,右足首D,,,0.8618475,0.1381525,0,0,False,0,0,0,0,0,0,0,0,0
-0.8281671,-0.1777947,-0.8671877,-0.9642797,0.2422338,-0.1071801,右足首D,右足先EX,,,0.5241839,0.4758161,0,0,False,0,0,0,0,0,0,0,0,0
-0.8287158,-0.186369,-0.6584894,-0.980514,0.1962358,0.009156572,右足首D,右足先EX,,,0.7131077,0.2868923,0,0,False,0,0,0,0,0,0,0,0,0
-0.7299324,-0.1863692,-0.4408511,-0.987546,0.1330005,0.08404797,右足首D,右足先EX,,,0.9154512,0.08454882,0,0,False,0,0,0,0,0,0,0,0,0
-0.1136028,0.8419735,0.2705534,0.9609304,0.05118702,0.2720159,右足首D,右ひざD,,,0.6045687,0.3954313,0,0,False,0,0,0,0,0,0,0,0,0
-0.1712835,0.8604255,0.3716127,0.8547121,0.05039092,0.5166507,右足首D,右ひざD,,,0.7,0.3,0,0,False,0,0,0,0,0,0,0,0,0
-0.3992732,0.6910841,0.4736081,-0.4452559,0.03852586,0.8945742,右足首D,右ひざD,,,0.9050865,0.09491348,0,0,False,0,0,0,0,0,0,0,0,0
-0.2614138,0.70526,0.5062505,0.1993116,0.0564001,0.9783118,右足首D,右ひざD,,,0.9049468,0.0950532,0,0,False,0,0,0,0,0,0,0,0,0
-0.5092231,0.6675077,0.3624817,-0.9013383,0.01833323,0.4327276,右足首D,右ひざD,,,0.9072241,0.09277588,0,0,False,0,0,0,0,0,0,0,0,0
-0.5960845,0.8649635,-0.3105644,-0.9366303,0.1299072,-0.3253429,右足首D,右ひざD,,,0.648151,0.351849,0,0,False,0,0,0,0,0,0,0,0,0
-0.6312994,0.6516731,-0.4295201,-0.9372091,0.2348446,-0.2578512,右足首D,右ひざD,,,0.9351568,0.06484318,0,0,False,0,0,0,0,0,0,0,0,0
-0.6208392,0.7775522,-0.2159733,-0.9853751,0.08190025,-0.1494264,右足首D,右ひざD,,,0.742824,0.257176,0,0,False,0,0,0,0,0,0,0,0,0
-0.1106933,-0.18637,-0.5448509,-1.417036E-06,-1,-2.06481E-09,右足首D,右足先EX,,,0.8740072,0.1259928,0,0,False,0,0,0,0,0,0,0,0,0
-0.5298297,1.01298,-0.3904271,-0.7747094,0.1826342,-0.6053678,右ひざD,右足首D,,,0.5797538,0.4202463,0,0,False,0,0,0,0,0,0,0,0,0
-0.4296195,1.049417,0.3541997,-0.7428365,-0.009009902,0.6694123,右ひざD,右足首D,,,0.8437961,0.1562039,0,0,False,0,0,0,0,0,0,0,0,0
-0.2900566,1.055483,0.3856895,0.4211111,0.03711939,0.9062492,右ひざD,右足首D,,,0.8080695,0.1919305,0,0,False,0,0,0,0,0,0,0,0,0
-0.3015446,1.270643,0.371235,0.4263762,0.02649777,0.9041579,右ひざD,右足首D,,,0.9663801,0.03361985,0,0,False,0,0,0,0,0,0,0,0,0
-0.3339633,1.147155,-0.3740685,0.735532,0.1988255,-0.6476581,右ひざD,右足首D,,,0.8820326,0.1179674,0,0,False,0,0,0,0,0,0,0,0,0
-0.5650899,1.097183,-0.2601824,-0.9249805,0.07881599,-0.3717513,右ひざD,右足首D,,,0.8574395,0.1425605,0,0,False,0,0,0,0,0,0,0,0,0
-0.5231004,1.126935,-0.3094108,-0.8104834,0.1238776,-0.5725131,右ひざD,右足首D,,,0.8783109,0.1216891,0,0,False,0,0,0,0,0,0,0,0,0
-0.5662754,1.10968,-0.2555593,-0.9259098,0.07479836,-0.3702652,右ひざD,右足首D,,,0.8574395,0.1425605,0,0,False,0,0,0,0,0,0,0,0,0
-0.58538,1.070561,-0.1934232,-0.9780375,0.02636375,-0.206755,右ひざD,右足首D,,,0.8254889,0.1745111,0,0,False,0,0,0,0,0,0,0,0,0
-0.3994809,1.149438,-0.3767763,0.1980665,0.268399,-0.9427258,右ひざD,右足首D,,,0.8834611,0.116539,0,0,False,0,0,0,0,0,0,0,0,0
-0.468914,1.141405,-0.3525704,-0.5884669,0.1908015,-0.7856854,右ひざD,右足首D,,,0.8832615,0.1167385,0,0,False,0,0,0,0,0,0,0,0,0
-0.2576947,0.9312876,-0.4285932,0.8195529,0.2328465,-0.5235605,右足首D,右ひざD,,,0.6139552,0.3860448,0,0,False,0,0,0,0,0,0,0,0,0
-0.268033,1.304015,-0.2978423,0.8818897,0.09664328,-0.4614443,右ひざD,右足首D,,,0.9658592,0.03414084,0,0,False,0,0,0,0,0,0,0,0,0
-0.5313376,1.290341,-0.255652,-0.8868839,0.03425807,-0.4607205,右ひざD,右足首D,,,0.9645952,0.03540481,0,0,False,0,0,0,0,0,0,0,0,0
-0.2799002,0.9727671,0.4410481,0.2111854,0.03711246,0.9767413,右ひざD,右足首D,,,0.6083056,0.3916945,0,0,False,0,0,0,0,0,0,0,0,0
-0.2767357,0.8672435,0.4451704,0.2088071,0.04222839,0.9770447,右足首D,右ひざD,,,0.7,0.3,0,0,False,0,0,0,0,0,0,0,0,0
-0.2900566,1.055483,0.3856895,0.4211111,0.03711939,0.9062492,右ひざD,右足首D,,,0.8080695,0.1919305,0,0,False,0,0,0,0,0,0,0,0,0
-0.5291312,0.9283321,-0.3891003,-0.8148001,0.1779826,-0.5517454,右足首D,右ひざD,,,0.58,0.42,0,0,False,0,0,0,0,0,0,0,0,0
-0.5812377,1.267411,-0.1972061,-0.9392822,0.01832083,-0.3426561,右ひざD,右足首D,,,0.9624351,0.03756493,0,0,False,0,0,0,0,0,0,0,0,0
-0.1980094,1.283508,-0.255233,0.9347378,0.08400191,-0.3452664,右ひざD,右足首D,,,0.9627387,0.03726131,0,0,False,0,0,0,0,0,0,0,0,0
-0.1607013,1.091323,-0.2481314,0.9743298,0.090138,-0.2062925,右ひざD,右足首D,,,0.8678739,0.1321261,0,0,False,0,0,0,0,0,0,0,0,0
-0.1996634,1.121261,-0.3054852,0.9285595,0.1339964,-0.3461538,右ひざD,右足首D,,,0.8642924,0.1357076,0,0,False,0,0,0,0,0,0,0,0,0
-0.199773,1.110516,-0.3088131,-0.4134721,0.2732301,-0.868554,右ひざD,右足首D,,,0.8673732,0.1326268,0,0,False,0,0,0,0,0,0,0,0,0
-0.1801906,1.119259,-0.3153847,-0.4125918,0.2774005,-0.8676503,右ひざD,右足首D,,,0.8657438,0.1342562,0,0,False,0,0,0,0,0,0,0,0,0
-0.1996634,1.121261,-0.3054852,-0.4131888,0.2745769,-0.8682641,右ひざD,右足首D,,,0.8642924,0.1357076,0,0,False,0,0,0,0,0,0,0,0,0
-0.1435306,1.278906,-0.2061673,0.1499498,0.9655625,0.2126129,右ひざD,右足首D,,,0.96193,0.03807004,0,0,False,0,0,0,0,0,0,0,0,0
-0.1587979,1.278021,-0.1903064,0.1499498,0.9655625,0.2126129,右ひざD,右足首D,,,0.9620279,0.0379721,0,0,False,0,0,0,0,0,0,0,0,0
-0.1978696,1.297213,-0.2509881,0.1499499,0.9655625,0.2126129,右ひざD,右足首D,,,0.9651164,0.0348836,0,0,False,0,0,0,0,0,0,0,0,0
-0.1781711,1.29646,-0.2603852,0.1499498,0.9655625,0.2126128,右ひざD,右足首D,,,0.9647853,0.03521468,0,0,False,0,0,0,0,0,0,0,0,0
-0.1455501,1.101705,-0.2611668,0.7132948,-0.2145557,0.6672153,右ひざD,右足首D,,,0.8678739,0.1321261,0,0,False,0,0,0,0,0,0,0,0,0
-0.1607013,1.091323,-0.2481314,0.7132948,-0.2145557,0.6672154,右ひざD,右足首D,,,0.8678739,0.1321261,0,0,False,0,0,0,0,0,0,0,0,0
-0.1587979,1.278021,-0.1903064,0.7132948,-0.2145557,0.6672153,右ひざD,右足首D,,,0.9620279,0.0379721,0,0,False,0,0,0,0,0,0,0,0,0
-0.1435306,1.278906,-0.2061673,0.7132948,-0.2145557,0.6672153,右ひざD,右足首D,,,0.96193,0.03807004,0,0,False,0,0,0,0,0,0,0,0,0
-0.1455501,1.101705,-0.2611668,0.2366546,-0.8710589,-0.4304081,右ひざD,右足首D,,,0.8678739,0.1321261,0,0,False,0,0,0,0,0,0,0,0,0
-0.1801906,1.119259,-0.3153847,0.2366546,-0.8710588,-0.4304081,右ひざD,右足首D,,,0.8657438,0.1342562,0,0,False,0,0,0,0,0,0,0,0,0
-0.199773,1.110516,-0.3088131,0.2366546,-0.8710588,-0.4304081,右ひざD,右足首D,,,0.8673732,0.1326268,0,0,False,0,0,0,0,0,0,0,0,0
-0.1607013,1.091323,-0.2481314,0.2366546,-0.8710589,-0.4304081,右ひざD,右足首D,,,0.8678739,0.1321261,0,0,False,0,0,0,0,0,0,0,0,0
-0.178366,1.27935,-0.2656958,0.8544523,0.1451225,-0.4988494,右ひざD,右足首D,,,0.9618173,0.03818274,0,0,False,0,0,0,0,0,0,0,0,0
-0.1435306,1.278906,-0.2061673,0.8544533,0.1451227,-0.4988477,右ひざD,右足首D,,,0.96193,0.03807004,0,0,False,0,0,0,0,0,0,0,0,0
-0.1781711,1.29646,-0.2603852,0.8544173,0.1451159,-0.4989114,右ひざD,右足首D,,,0.9647853,0.03521468,0,0,False,0,0,0,0,0,0,0,0,0
-0.1980094,1.283508,-0.255233,-0.4057113,0.2746393,-0.8717635,右ひざD,右足首D,,,0.9627387,0.03726131,0,0,False,0,0,0,0,0,0,0,0,0
-0.1781711,1.29646,-0.2603852,-0.4058123,0.2748364,-0.8716544,右ひざD,右足首D,,,0.9647853,0.03521468,0,0,False,0,0,0,0,0,0,0,0,0
-0.1978696,1.297213,-0.2509881,-0.4054914,0.2742106,-0.8720007,右ひざD,右足首D,,,0.9651164,0.0348836,0,0,False,0,0,0,0,0,0,0,0,0
-0.178366,1.27935,-0.2656958,-0.4059586,0.2751218,-0.8714962,右ひざD,右足首D,,,0.9618173,0.03818274,0,0,False,0,0,0,0,0,0,0,0,0
-0.6023946,1.261188,-0.2034247,0.1656293,0.3559588,-0.9197066,右ひざD,右足首D,,,0.9608591,0.03914086,0,0,False,0,0,0,0,0,0,0,0,0
0.5886257,1.116298,-0.2570263,-0.1656279,0.3559614,-0.9197059,左ひざD,左足首D,,,0.8574395,0.1425605,0,0,False,0,0,0,0,0,0,0,0,0
-0.5886506,1.116301,-0.2570262,-0.9597551,0.01274801,-0.280549,右ひざD,右足首D,,,0.8574395,0.1425605,0,0,False,0,0,0,0,0,0,0,0,0
-0.5871288,1.100257,-0.2629616,-0.9597544,0.0127539,-0.2805513,右ひざD,右足首D,,,0.8574395,0.1425605,0,0,False,0,0,0,0,0,0,0,0,0
-0.6051599,1.076848,-0.202341,-0.9597552,0.01274785,-0.280549,右ひざD,右足首D,,,0.830924,0.169076,0,0,False,0,0,0,0,0,0,0,0,0
0.603738,1.275605,-0.1980902,0.9597552,0.01274411,-0.280549,左ひざD,左足首D,,,0.9641916,0.03580846,0,0,False,0,0,0,0,0,0,0,0,0
0.5871037,1.100255,-0.2629617,0.9597546,0.01275056,-0.2805503,左ひざD,左足首D,,,0.8574395,0.1425605,0,0,False,0,0,0,0,0,0,0,0,0
0.5886257,1.116298,-0.2570263,0.8233305,0.1458342,-0.5485064,左ひざD,左足首D,,,0.8574395,0.1425605,0,0,False,0,0,0,0,0,0,0,0,0
0.60237,1.261185,-0.2034248,0.8233305,0.1458342,-0.5485064,左ひざD,左足首D,,,0.9608591,0.03914086,0,0,False,0,0,0,0,0,0,0,0,0
0.1783414,1.279349,-0.2656958,0.4059586,0.2751216,-0.8714963,左ひざD,左足首D,,,0.9618173,0.03818274,0,0,False,0,0,0,0,0,0,0,0,0
0.1783414,1.279349,-0.2656958,-0.8544168,0.1451169,-0.4989119,左ひざD,左足首D,,,0.9618173,0.03818274,0,0,False,0,0,0,0,0,0,0,0,0
0.143506,1.278904,-0.2061673,-0.8544168,0.1451169,-0.4989118,左ひざD,左足首D,,,0.96193,0.03807004,0,0,False,0,0,0,0,0,0,0,0,0
0.1781465,1.296459,-0.2603852,-0.8544163,0.1451178,-0.4989128,左ひざD,左足首D,,,0.9647853,0.03521468,0,0,False,0,0,0,0,0,0,0,0,0
-0.1455501,1.101705,-0.2611668,0.8544536,0.1451201,-0.4988481,右ひざD,右足首D,,,0.8678739,0.1321261,0,0,False,0,0,0,0,0,0,0,0,0
-0.1800485,1.128658,-0.3124266,0.8544524,0.1451014,-0.4988553,右ひざD,右足首D,,,0.8634357,0.1365643,0,0,False,0,0,0,0,0,0,0,0,0
-0.1800485,1.128658,-0.3124266,-0.4122109,0.2791916,-0.8672568,右ひざD,右足首D,,,0.8634357,0.1365643,0,0,False,0,0,0,0,0,0,0,0,0
-0.1801906,1.119259,-0.3153847,0.8544015,0.1441988,-0.4992044,右ひざD,右足首D,,,0.8657438,0.1342562,0,0,False,0,0,0,0,0,0,0,0,0
-0.1800485,1.128658,-0.3124266,0.5764145,0.2529573,-0.7770193,右ひざD,右足首D,,,0.8634357,0.1365643,0,0,False,0,0,0,0,0,0,0,0,0
-0.178366,1.27935,-0.2656958,0.5764145,0.2529573,-0.7770193,右ひざD,右足首D,,,0.9618173,0.03818274,0,0,False,0,0,0,0,0,0,0,0,0
-0.5776437,0.5889645,-0.6537295,-0.8394879,0.4252517,-0.338262,右足首D,右足先EX,右ひざD,下半身,0.9200498,0.05303374,0.02691648,0,False,0,0,0,0,0,0,0,0,0
